4.704e-07	0.0	0.0	0.0
4.706e-07	0.0	0.0	0.0
4.708e-07	0.0	0.0	0.0
4.71e-07	0.0	0.0	0.0
4.712e-07	0.0	0.0	0.0
4.714e-07	0.0	0.0	0.0
4.716e-07	0.0	0.0	0.0
4.718e-07	0.0	0.0	0.0
4.72e-07	0.0	0.0	0.0
4.722e-07	0.0	0.0	0.0
4.724e-07	0.0	0.0	0.0
4.726e-07	0.0	0.0	0.0
4.728e-07	0.0	0.0	0.0
4.73e-07	0.0	0.0	0.0
4.732e-07	0.0	0.0	0.0
4.734e-07	0.0	0.0	0.0
4.736e-07	0.0	0.0	0.0
4.738e-07	0.0	0.0	0.0
4.74e-07	0.0	0.0	0.0
4.742e-07	0.0	0.0	0.0
4.744e-07	0.0	0.0	0.0
4.746e-07	0.0	0.0	0.0
4.748e-07	0.0	0.0	0.0
4.75e-07	0.0	0.0	0.0
4.752e-07	0.0	0.0	0.0
4.754e-07	0.0	0.0	0.0
4.756e-07	0.0	0.0	0.0
4.758e-07	0.0	0.0	0.0
4.76e-07	0.0	0.0	0.0
4.762e-07	0.0	0.0	0.0
4.764e-07	0.0	0.0	0.0
4.766e-07	0.0	0.0	0.0
4.768e-07	0.0	0.0	0.0
4.77e-07	0.0	0.0	0.0
4.772e-07	0.0	0.0	0.0
4.774e-07	0.0	0.0	0.0
4.776e-07	0.0	0.0	0.0
4.778e-07	0.0	0.0	0.0
4.78e-07	0.0	0.0	0.0
4.782e-07	0.0	0.0	0.0
4.784e-07	0.0	0.0	0.0
4.786e-07	0.0	0.0	0.0
4.788e-07	0.0	0.0	0.0
4.79e-07	0.0	0.0	0.0
4.792e-07	0.0	0.0	0.0
4.794e-07	0.0	0.0	0.0
4.796e-07	0.0	0.0	0.0
4.798e-07	0.0	0.0	0.0
4.8e-07	0.0	0.0	0.0
4.802e-07	0.0	0.0	0.0
4.804e-07	0.0	0.0	0.0
4.806e-07	0.0	0.0	0.0
4.808e-07	0.0	0.0	0.0
4.81e-07	0.0	0.0	0.0
4.812e-07	0.0	0.0	0.0
4.814e-07	0.0	0.0	0.0
4.816e-07	0.0	0.0	0.0
4.818e-07	0.0	0.0	0.0
4.82e-07	0.0	0.0	0.0
4.822e-07	0.0	0.0	0.0
4.824e-07	0.0	0.0	0.0
4.826e-07	0.0	0.0	0.0
4.828e-07	0.0	0.0	0.0
4.83e-07	0.0	0.0	0.0
4.832e-07	0.0	0.0	0.0
4.834e-07	0.0	0.0	0.0
4.836e-07	0.0	0.0	0.0
4.838e-07	0.0	0.0	0.0
4.84e-07	0.0	0.0	0.0
4.842e-07	0.0	0.0	0.0
4.844e-07	0.0	0.0	0.0
4.846e-07	0.0	0.0	0.0
4.848e-07	0.0	0.0	0.0
4.85e-07	0.0	0.0	0.0
4.852e-07	0.0	0.0	0.0
4.854e-07	0.0	0.0	0.0
4.856e-07	0.0	0.0	0.0
4.858e-07	0.0	0.0	0.0
4.86e-07	0.0	0.0	0.0
4.862e-07	0.0	0.0	0.0
4.864e-07	0.0	0.0	0.0
4.866e-07	0.0	0.0	0.0
4.868e-07	0.0	0.0	0.0
4.87e-07	0.0	0.0	0.0
4.872e-07	0.0	0.0	0.0
4.874e-07	0.0	0.0	0.0
4.876e-07	0.0	0.0	0.0
4.878e-07	0.0	0.0	0.0
4.88e-07	0.0	0.0	0.0
4.882e-07	0.0	0.0	0.0
4.884e-07	0.0	0.0	0.0
4.886e-07	0.0	0.0	0.0
4.888e-07	0.0	0.0	0.0
4.89e-07	0.0	0.0	0.0
4.892e-07	0.0	0.0	0.0
4.894e-07	0.0	0.0	0.0
4.896e-07	0.0	0.0	0.0
4.898e-07	0.0	0.0	0.0
4.9e-07	0.0	0.0	0.0
4.902e-07	0.0	0.0	0.0
4.904e-07	-2.03589876913e-16	-2.88367310262e-15	3.31540752607e-16
4.906e-07	-3.08697397277e-16	2.27984291154e-16	-2.1593594759e-17
4.908e-07	3.07583236879e-16	-2.02975134137e-16	2.14872311786e-17
4.91e-07	-2.20497252929e-15	2.36884552946e-15	-2.57477480903e-16
4.912e-07	2.15113527364e-15	-2.51733579748e-15	3.0049964543e-16
4.914e-07	2.99664384441e-16	-9.67716402949e-17	1.02197353754e-17
4.916e-07	-5.51649573229e-16	-9.83822073379e-16	1.17609171654e-16
4.918e-07	2.69368595024e-16	9.85369228648e-16	-9.79177054538e-17
4.92e-07	-4.31364242639e-17	8.49329077485e-17	-4.32039938573e-18
4.922e-07	4.10700652049e-17	-5.67446936157e-17	8.88598348885e-18
4.924e-07	4.59203217734e-16	-1.03375402911e-15	9.48897672569e-17
4.926e-07	3.1452276735e-14	-2.31041110493e-14	2.09455630827e-15
4.928e-07	-3.06114406562e-14	2.23017940007e-14	-1.99569216421e-15
4.93e-07	-4.60633216814e-15	-6.34976625006e-15	6.71152418618e-16
4.932e-07	-3.23785363383e-15	6.26441492067e-15	-5.34070394306e-16
4.934e-07	3.2669125501e-14	-2.53197149827e-14	2.47168219326e-15
4.936e-07	-2.76277019842e-14	2.66055498918e-14	-2.65421071398e-15
4.938e-07	2.34378884706e-15	4.02945098596e-16	-4.02362801775e-17
4.94e-07	-2.52782708373e-14	-3.43389538152e-15	4.66422822198e-16
4.942e-07	2.54805003242e-14	3.70084531463e-15	-4.41351519403e-16
4.944e-07	-7.49484286282e-15	-1.18307478512e-14	1.36305622726e-15
4.946e-07	2.36023780787e-14	-3.33913169157e-15	2.36803485701e-16
4.948e-07	-6.34361742076e-15	5.88152617792e-15	-5.52977508333e-16
4.95e-07	-9.19650271612e-15	1.40660954784e-14	-1.4511966841e-15
4.952e-07	-8.36906527422e-16	-1.66821166636e-15	1.65382039334e-16
4.954e-07	1.05801124371e-15	-4.0469798382e-15	4.34892170279e-16
4.956e-07	1.06387362102e-14	-1.06521166817e-14	1.4058192343e-15
4.958e-07	-1.18679543746e-14	1.24588555888e-14	-1.55922603762e-15
4.96e-07	-2.12555763649e-16	-5.11916559012e-16	5.57957239288e-17
4.962e-07	6.82508447824e-15	-3.91985866122e-15	2.60807705587e-16
4.964e-07	-1.01672534318e-17	-1.02979486645e-14	1.26352724785e-15
4.966e-07	-7.8576058353e-15	1.459334081e-14	-1.50265210409e-15
4.968e-07	7.39926818036e-15	-1.34144188274e-14	1.54957558462e-15
4.97e-07	1.10246797617e-14	1.02802410871e-14	-1.16162182247e-15
4.972e-07	-2.98156379117e-14	-3.66336805548e-15	3.77717229171e-16
4.974e-07	1.34759565323e-14	5.0397169292e-15	-5.14739907229e-16
4.976e-07	1.75731006384e-15	-8.65894722535e-15	8.7051799125e-16
4.978e-07	1.53030566967e-15	1.23902189157e-14	-1.26676716386e-15
4.98e-07	2.1319205948e-14	-2.01409670539e-15	1.62621568693e-16
4.982e-07	-2.71812203224e-14	6.6428054093e-15	-5.22670291909e-16
4.984e-07	7.48344961767e-15	-3.38908238789e-14	3.66695782344e-15
4.986e-07	-9.3697953724e-15	3.05984939776e-14	-3.23287861977e-15
4.988e-07	2.26860479429e-15	-1.10617718076e-14	1.13532788876e-15
4.99e-07	2.13354224595e-14	-3.03498027821e-14	3.03259319869e-15
4.992e-07	1.06359670353e-14	4.97511047106e-14	-5.21186025577e-15
4.994e-07	-6.3387280122e-14	-4.91245867866e-14	5.50526752608e-15
4.996e-07	5.02214795113e-14	3.27959319956e-14	-3.43618834841e-15
4.998e-07	-2.67233344459e-14	-2.70138130706e-14	2.92711128908e-15
5e-07	6.51317336252e-14	-3.52768025172e-15	7.05874637126e-16
5.002e-07	-2.39371725679e-14	6.63533649789e-15	-1.08241984998e-15
5.004e-07	-4.9385203021e-14	3.13215478029e-14	-2.86994224788e-15
5.006e-07	3.41587204082e-14	-2.8842744985e-14	3.1562527833e-15
5.008e-07	1.34209433362e-15	-2.16635014157e-15	7.84445617801e-17
5.01e-07	-5.64854848103e-14	-2.07522342043e-15	1.62400344975e-15
5.012e-07	2.40446617488e-14	3.53505153165e-14	-4.37785175596e-15
5.014e-07	6.63057473731e-14	-2.10133231535e-14	1.81183128111e-15
5.016e-07	-2.95944225912e-14	-3.02065308833e-14	3.93505068286e-15
5.018e-07	-5.29975527253e-14	3.78715219287e-17	-2.25003146398e-16
5.02e-07	5.872004466e-14	1.83132966264e-14	-1.58457003263e-15
5.022e-07	-1.82310154789e-14	2.21590096075e-14	-2.35584577382e-15
5.024e-07	-1.89561389698e-14	2.85675982779e-14	-3.18744581197e-15
5.026e-07	4.59694769476e-14	-6.7262019676e-14	8.02258591839e-15
5.028e-07	5.35272169045e-15	-5.08532847154e-15	2.16707829929e-16
5.03e-07	-1.61615162856e-14	4.62640234115e-14	-4.23582578432e-15
5.032e-07	-8.14569481428e-14	-3.27207604296e-14	3.74901610026e-15
5.034e-07	6.02421571603e-14	-3.49850602599e-14	3.24407572644e-15
5.036e-07	2.02824119427e-14	1.0375374173e-13	-1.07716479054e-14
5.038e-07	1.57536129046e-14	2.20110697218e-14	-7.71992031057e-16
5.04e-07	2.81766971024e-14	4.73531392898e-15	-1.00860771574e-15
5.042e-07	-1.83045874911e-14	-1.98551916896e-13	2.15115754616e-14
5.044e-07	1.13829710797e-13	2.53246612172e-13	-2.71202318285e-14
5.046e-07	-1.02075740417e-13	-3.69107016935e-14	4.96304567972e-15
5.048e-07	-7.31379006913e-14	-2.14613860397e-13	2.30581277936e-14
5.05e-07	-5.45520473304e-15	1.38390015086e-13	-1.2658499887e-14
5.052e-07	4.15040538945e-14	-8.1775658417e-14	8.53079999884e-15
5.054e-07	1.31227275887e-13	7.13462995313e-15	-9.34058496281e-18
5.056e-07	-1.4831871216e-13	1.77617625681e-13	-1.78932280321e-14
5.058e-07	-1.702562691e-13	-4.00810727427e-14	5.81884660891e-15
5.06e-07	1.343091064e-13	-1.47329645771e-13	1.43786519267e-14
5.062e-07	7.7924488477e-15	-8.01505394832e-14	8.13345531851e-15
5.064e-07	-1.23051965758e-13	4.64540143068e-14	-1.18861357105e-15
5.066e-07	8.33433066972e-14	-1.28872656903e-13	1.38255871785e-14
5.068e-07	4.02040962261e-14	1.32818163704e-13	-1.34964277823e-14
5.07e-07	1.19854295527e-13	-6.30558522063e-15	2.28724034592e-15
5.072e-07	9.98530655064e-14	7.66669702918e-14	-6.4923163507e-15
5.074e-07	-1.68587873255e-13	4.01934140311e-14	1.73828121313e-15
5.076e-07	2.35455999314e-14	-2.19249892775e-13	1.85571736254e-14
5.078e-07	-1.36453995644e-13	2.7984098844e-13	-2.6168956479e-14
5.08e-07	1.41575107935e-13	-2.99299449718e-13	3.11657379011e-14
5.082e-07	-1.02027817542e-13	4.14429822291e-13	-4.06996648878e-14
5.084e-07	1.02708712366e-13	-2.44341098377e-13	2.64683914225e-14
5.086e-07	1.02641780528e-13	6.9411757646e-14	-2.13476494963e-15
5.088e-07	-1.17065673266e-13	-4.31054404621e-13	4.416901835e-14
5.09e-07	-8.79045622268e-14	4.08017007916e-13	-3.73991871317e-14
5.092e-07	1.73436670493e-13	1.64894613952e-13	-1.57519364232e-14
5.094e-07	1.02413251463e-14	-5.47823525247e-14	6.78886773379e-15
5.096e-07	-2.04749425446e-14	-3.91818633906e-13	4.3353761129e-14
5.098e-07	4.70611055632e-15	6.03778413125e-14	-3.86584292748e-15
5.1e-07	-2.27213967335e-14	-6.56369350939e-14	9.09971692553e-15
5.102e-07	-5.36571460834e-14	3.60648725956e-13	-3.30024727933e-14
5.104e-07	-2.53697776345e-13	-3.95462609623e-13	4.47695915319e-14
5.106e-07	2.16425451099e-13	-1.15803474018e-13	1.32906615177e-14
5.108e-07	-2.38279969616e-13	2.06941402504e-13	-1.57354620996e-14
5.11e-07	5.78714884679e-14	-5.71655697833e-14	7.27663149885e-15
5.112e-07	3.87763145469e-13	-2.20787968417e-15	3.09462741529e-15
5.114e-07	-3.32738166719e-13	-7.5743711623e-14	1.2073163983e-14
5.116e-07	2.86858252147e-14	2.28086296149e-13	-2.17342699591e-14
5.118e-07	-1.51878499165e-13	-1.26076806445e-13	1.98766483488e-14
5.12e-07	2.71374302027e-13	-2.20728883175e-13	2.19726747937e-14
5.122e-07	-9.95541659877e-14	2.90178490043e-13	-2.42200467803e-14
5.124e-07	2.31009309122e-13	1.40162874512e-13	-8.87248885374e-15
5.126e-07	-8.13790371354e-14	-2.65294991939e-13	2.70111443176e-14
5.128e-07	-1.70793487938e-13	2.80975773055e-13	-2.23254493137e-14
5.13e-07	2.89847885332e-13	-2.32241169275e-13	2.57644766287e-14
5.132e-07	-1.70899567523e-13	-7.53266561976e-14	9.55248553935e-15
5.134e-07	1.26349131106e-13	2.29228552852e-13	-2.04811974627e-14
5.136e-07	3.69737169942e-14	2.78443800053e-13	-2.10051100115e-14
5.138e-07	-1.009341099e-13	-1.26577140557e-13	1.41331203375e-14
5.14e-07	-2.25470127166e-13	-1.58223398757e-13	1.45887402436e-14
5.142e-07	3.77451952123e-13	2.75205810265e-13	-2.23708165962e-14
5.144e-07	-1.33049821212e-13	7.2619727547e-14	-4.86256287802e-15
5.146e-07	-2.61215103029e-13	-2.75014620189e-13	3.11263910523e-14
5.148e-07	3.32738430498e-13	-4.24288680438e-14	5.69689012684e-15
5.15e-07	-1.42491140347e-13	-5.88655425111e-14	8.19003561631e-15
5.152e-07	-1.43351353527e-13	-2.28635881549e-13	2.20769300048e-14
5.154e-07	1.52548206597e-13	1.45874185812e-13	-1.2915097469e-14
5.156e-07	-6.1001364996e-14	2.35694150979e-13	-1.92921119383e-14
5.158e-07	-2.58567622704e-13	-3.05326799744e-13	3.17113011968e-14
5.16e-07	4.0679852266e-13	2.04950807489e-14	-2.83528043065e-15
5.162e-07	-4.77437768588e-14	4.48544181805e-13	-3.82289240162e-14
5.164e-07	-5.90925124507e-14	-4.9214834036e-13	4.55630364811e-14
5.166e-07	-2.29385562299e-15	1.20598856743e-13	-1.1581832298e-14
5.168e-07	-3.37403517112e-13	-1.25487428052e-14	2.55914618444e-15
5.17e-07	1.72934124869e-13	1.78107315703e-14	-1.80259011601e-15
5.172e-07	1.90467125216e-14	-2.15960001862e-13	2.08055798295e-14
5.174e-07	-1.89009779669e-14	4.08995321477e-14	-3.79470843746e-15
5.176e-07	5.5364870773e-15	-2.77647207581e-15	1.46480384001e-16
5.178e-07	-2.50396507574e-14	-3.09086173336e-14	2.96161530809e-15
5.18e-07	3.8336405096e-14	5.04919377268e-14	-4.80466921132e-15
5.182e-07	3.38562301014e-14	3.33325760663e-15	-2.95618474267e-16
5.184e-07	2.18285501549e-14	-1.12388339668e-13	1.05525636442e-14
5.186e-07	-5.08529788001e-14	-2.96881057965e-14	2.79820442714e-15
5.188e-07	-6.41742357992e-16	1.57512037149e-14	-1.53025586463e-15
5.19e-07	1.14679974731e-14	-2.31705440749e-14	2.05047567593e-15
5.192e-07	3.72770937917e-15	2.41395458972e-16	-4.45121865964e-17
5.194e-07	-2.65419997846e-15	1.17082129386e-14	-1.11570613568e-15
5.196e-07	7.98885034356e-15	1.0354245001e-15	-1.41323813597e-16
5.198e-07	-1.41367090986e-14	-5.56208927674e-15	6.22265746135e-16
5.2e-07	3.8808176709e-17	-2.00675561059e-16	2.06966316429e-17
5.202e-07	4.60367056045e-15	3.08509155637e-16	-9.40592712526e-19
5.204e-07	7.51483962385e-15	1.63990978189e-15	-2.98191074334e-16
5.206e-07	-9.95860873885e-15	-1.96983330825e-15	3.16941901791e-16
5.208e-07	-6.67521422273e-15	-7.36749690111e-15	7.34030935245e-16
5.21e-07	-4.46697827035e-14	3.84714442416e-14	-3.55771959197e-15
5.212e-07	3.39017969301e-15	-4.77386153454e-15	5.42448669609e-16
5.214e-07	-5.15556230294e-17	-8.31929980327e-18	1.42091648889e-18
5.216e-07	2.48425273518e-17	3.40323326549e-17	-1.87249368621e-18
5.218e-07	-6.62976970508e-19	-2.12253945572e-18	8.89862061246e-19
5.22e-07	-2.57257412773e-15	1.66482615476e-15	-1.9613528649e-16
5.222e-07	2.4842864025e-15	-1.63295810272e-15	1.95301059784e-16
5.224e-07	-4.86073091569e-19	4.29847667722e-19	1.17315504594e-19
5.226e-07	-3.33605339568e-15	4.1213873859e-15	-4.97960060136e-16
5.228e-07	3.32945597486e-15	-4.12471731874e-15	5.00197154079e-16
5.23e-07	8.73213598215e-18	7.67297458847e-18	1.12583656731e-17
5.232e-07	-1.71251944042e-19	3.2351255614e-21	3.40619642256e-20
5.234e-07	3.76488057935e-19	-1.9045899103e-19	1.37020419607e-19
5.236e-07	4.05591111431e-15	1.22688480484e-15	-2.03939420956e-16
5.238e-07	-4.05102296409e-15	-1.22143331494e-15	2.04940795317e-16
5.24e-07	-1.9914921602e-15	-1.27799530052e-15	1.1954704531e-16
5.242e-07	1.99173185596e-15	1.27814767802e-15	-1.19161567365e-16
5.244e-07	2.71108633986e-16	-2.8653690624e-15	2.70902203913e-16
5.246e-07	-4.05691567671e-16	2.9785047776e-15	-2.75961488826e-16
5.248e-07	6.31239777386e-15	-2.99428989121e-15	7.70604328792e-17
5.25e-07	2.39050515873e-15	-4.69459893261e-15	3.81413210395e-16
5.252e-07	2.45317837446e-15	8.87848717121e-15	-9.79127407768e-16
5.254e-07	-1.1005765638e-14	-1.06995261738e-15	5.23346884083e-16
5.256e-07	2.97573912356e-20	-9.23716453437e-20	2.22440719991e-19
5.258e-07	1.13225380012e-19	-1.06738420183e-19	4.69738924476e-20
5.26e-07	0.0	0.0	0.0
5.262e-07	-7.0734839164e-19	4.61211416826e-19	3.11377136688e-19
5.264e-07	6.06614050698e-17	-9.33861274269e-17	1.00620815663e-17
5.266e-07	-6.61875423627e-17	8.71086063853e-17	-8.57427442294e-18
5.268e-07	0.0	0.0	0.0
5.27e-07	2.78606988613e-19	9.92651838756e-19	1.1661595725e-19
5.272e-07	0.0	0.0	0.0
5.274e-07	1.84464072706e-19	1.9022941177e-19	7.18731742658e-20
5.276e-07	0.0	0.0	0.0
5.278e-07	0.0	0.0	0.0
5.28e-07	0.0	0.0	0.0
5.282e-07	0.0	0.0	0.0
5.284e-07	0.0	0.0	0.0
5.286e-07	0.0	0.0	0.0
5.288e-07	0.0	0.0	0.0
5.29e-07	2.45515961425e-19	1.53291367323e-18	1.23831735949e-19
5.292e-07	-1.85100573686e-20	7.71757411936e-20	1.78118560154e-21
5.294e-07	2.51072768792e-20	1.35089095734e-19	-3.46014290283e-21
5.296e-07	-8.10864378019e-21	7.18347395677e-20	1.6835616496e-20
5.298e-07	0.0	0.0	0.0
5.3e-07	0.0	0.0	0.0
5.302e-07	0.0	0.0	0.0
5.304e-07	0.0	0.0	0.0
5.306e-07	0.0	0.0	0.0
5.308e-07	0.0	0.0	0.0
5.31e-07	0.0	0.0	0.0
5.312e-07	0.0	0.0	0.0
5.314e-07	0.0	0.0	0.0
5.316e-07	0.0	0.0	0.0
5.318e-07	0.0	0.0	0.0
5.32e-07	0.0	0.0	0.0
5.322e-07	0.0	0.0	0.0
5.324e-07	0.0	0.0	0.0
5.326e-07	0.0	0.0	0.0
5.328e-07	0.0	0.0	0.0
5.33e-07	0.0	0.0	0.0
5.332e-07	0.0	0.0	0.0
5.334e-07	0.0	0.0	0.0
5.336e-07	0.0	0.0	0.0
5.338e-07	0.0	0.0	0.0
5.34e-07	0.0	0.0	0.0
5.342e-07	0.0	0.0	0.0
5.344e-07	-6.14402945067e-20	1.38974226384e-20	1.30508612488e-19
5.346e-07	0.0	0.0	0.0
5.348e-07	0.0	0.0	0.0
5.35e-07	0.0	0.0	0.0
5.352e-07	0.0	0.0	0.0
5.354e-07	0.0	0.0	0.0
5.356e-07	0.0	0.0	0.0
5.358e-07	0.0	0.0	0.0
5.36e-07	0.0	0.0	0.0
5.362e-07	0.0	0.0	0.0
5.364e-07	0.0	0.0	0.0
5.366e-07	0.0	0.0	0.0
5.368e-07	0.0	0.0	0.0
5.37e-07	0.0	0.0	0.0
5.372e-07	0.0	0.0	0.0
5.374e-07	0.0	0.0	0.0
5.376e-07	0.0	0.0	0.0
5.378e-07	0.0	0.0	0.0
5.38e-07	6.40199196539e-19	3.34135442467e-19	6.52574767481e-20
5.382e-07	0.0	0.0	0.0
5.384e-07	0.0	0.0	0.0
5.386e-07	0.0	0.0	0.0
5.388e-07	0.0	0.0	0.0
5.39e-07	1.23043820109e-19	8.30282222323e-20	-4.74215577088e-21
5.392e-07	0.0	0.0	0.0
5.394e-07	0.0	0.0	0.0
5.396e-07	0.0	0.0	0.0
5.398e-07	0.0	0.0	0.0
5.4e-07	0.0	0.0	0.0
5.402e-07	0.0	0.0	0.0
5.404e-07	0.0	0.0	0.0
5.406e-07	0.0	0.0	0.0
5.408e-07	0.0	0.0	0.0
5.41e-07	0.0	0.0	0.0
5.412e-07	0.0	0.0	0.0
5.414e-07	0.0	0.0	0.0
5.416e-07	0.0	0.0	0.0
5.418e-07	0.0	0.0	0.0
5.42e-07	0.0	0.0	0.0
5.422e-07	0.0	0.0	0.0
5.424e-07	0.0	0.0	0.0
5.426e-07	0.0	0.0	0.0
5.428e-07	0.0	0.0	0.0
5.43e-07	0.0	0.0	0.0
5.432e-07	0.0	0.0	0.0
5.434e-07	0.0	0.0	0.0
5.436e-07	0.0	0.0	0.0
5.438e-07	0.0	0.0	0.0
5.44e-07	0.0	0.0	0.0
5.442e-07	0.0	0.0	0.0
5.444e-07	0.0	0.0	0.0
5.446e-07	0.0	0.0	0.0
5.448e-07	0.0	0.0	0.0
5.45e-07	0.0	0.0	0.0
5.452e-07	0.0	0.0	0.0
5.454e-07	0.0	0.0	0.0
5.456e-07	0.0	0.0	0.0
5.458e-07	0.0	0.0	0.0
5.46e-07	0.0	0.0	0.0
5.462e-07	0.0	0.0	0.0
5.464e-07	0.0	0.0	0.0
5.466e-07	0.0	0.0	0.0
5.468e-07	0.0	0.0	0.0
5.47e-07	0.0	0.0	0.0
5.472e-07	0.0	0.0	0.0
5.474e-07	0.0	0.0	0.0
5.476e-07	0.0	0.0	0.0
5.478e-07	0.0	0.0	0.0
5.48e-07	0.0	0.0	0.0
5.482e-07	0.0	0.0	0.0
5.484e-07	0.0	0.0	0.0
5.486e-07	0.0	0.0	0.0
5.488e-07	0.0	0.0	0.0
5.49e-07	0.0	0.0	0.0
5.492e-07	0.0	0.0	0.0
5.494e-07	0.0	0.0	0.0
5.496e-07	0.0	0.0	0.0
5.498e-07	0.0	0.0	0.0
5.5e-07	0.0	0.0	0.0
5.502e-07	0.0	0.0	0.0
5.504e-07	0.0	0.0	0.0
5.506e-07	0.0	0.0	0.0
5.508e-07	0.0	0.0	0.0
5.51e-07	0.0	0.0	0.0
5.512e-07	0.0	0.0	0.0
5.514e-07	0.0	0.0	0.0
5.516e-07	0.0	0.0	0.0
5.518e-07	0.0	0.0	0.0
5.52e-07	0.0	0.0	0.0
5.522e-07	0.0	0.0	0.0
5.524e-07	0.0	0.0	0.0
5.526e-07	0.0	0.0	0.0
5.528e-07	0.0	0.0	0.0
5.53e-07	0.0	0.0	0.0
5.532e-07	0.0	0.0	0.0
5.534e-07	0.0	0.0	0.0
5.536e-07	0.0	0.0	0.0
5.538e-07	0.0	0.0	0.0
5.54e-07	0.0	0.0	0.0
5.542e-07	0.0	0.0	0.0
5.544e-07	0.0	0.0	0.0
5.546e-07	0.0	0.0	0.0
5.548e-07	0.0	0.0	0.0
5.55e-07	0.0	0.0	0.0
5.552e-07	0.0	0.0	0.0
5.554e-07	0.0	0.0	0.0
5.556e-07	0.0	0.0	0.0
5.558e-07	0.0	0.0	0.0
5.56e-07	0.0	0.0	0.0
5.562e-07	0.0	0.0	0.0
5.564e-07	0.0	0.0	0.0
5.566e-07	0.0	0.0	0.0
5.568e-07	0.0	0.0	0.0
5.57e-07	0.0	0.0	0.0
5.572e-07	0.0	0.0	0.0
5.574e-07	0.0	0.0	0.0
5.576e-07	0.0	0.0	0.0
5.578e-07	0.0	0.0	0.0
5.58e-07	0.0	0.0	0.0
5.582e-07	0.0	0.0	0.0
5.584e-07	0.0	0.0	0.0
5.586e-07	0.0	0.0	0.0
5.588e-07	0.0	0.0	0.0
5.59e-07	0.0	0.0	0.0
5.592e-07	0.0	0.0	0.0
5.594e-07	0.0	0.0	0.0
5.596e-07	0.0	0.0	0.0
5.598e-07	0.0	0.0	0.0
5.6e-07	0.0	0.0	0.0
5.602e-07	0.0	0.0	0.0
5.604e-07	0.0	0.0	0.0
5.606e-07	0.0	0.0	0.0
5.608e-07	0.0	0.0	0.0
5.61e-07	0.0	0.0	0.0
5.612e-07	0.0	0.0	0.0
5.614e-07	0.0	0.0	0.0
5.616e-07	0.0	0.0	0.0
5.618e-07	0.0	0.0	0.0
5.62e-07	0.0	0.0	0.0
5.622e-07	0.0	0.0	0.0
5.624e-07	0.0	0.0	0.0
5.626e-07	0.0	0.0	0.0
5.628e-07	0.0	0.0	0.0
5.63e-07	0.0	0.0	0.0
5.632e-07	0.0	0.0	0.0
5.634e-07	0.0	0.0	0.0
5.636e-07	0.0	0.0	0.0
5.638e-07	0.0	0.0	0.0
5.64e-07	0.0	0.0	0.0
5.642e-07	0.0	0.0	0.0
5.644e-07	0.0	0.0	0.0
5.646e-07	0.0	0.0	0.0
5.648e-07	0.0	0.0	0.0
5.65e-07	0.0	0.0	0.0
5.652e-07	0.0	0.0	0.0
5.654e-07	0.0	0.0	0.0
5.656e-07	0.0	0.0	0.0
5.658e-07	0.0	0.0	0.0
5.66e-07	0.0	0.0	0.0
5.662e-07	0.0	0.0	0.0
5.664e-07	0.0	0.0	0.0
5.666e-07	0.0	0.0	0.0
5.668e-07	0.0	0.0	0.0
5.67e-07	0.0	0.0	0.0
5.672e-07	0.0	0.0	0.0
5.674e-07	0.0	0.0	0.0
5.676e-07	0.0	0.0	0.0
5.678e-07	0.0	0.0	0.0
5.68e-07	0.0	0.0	0.0
5.682e-07	0.0	0.0	0.0
5.684e-07	0.0	0.0	0.0
5.686e-07	0.0	0.0	0.0
5.688e-07	0.0	0.0	0.0
5.69e-07	0.0	0.0	0.0
5.692e-07	0.0	0.0	0.0
5.694e-07	0.0	0.0	0.0
5.696e-07	0.0	0.0	0.0
5.698e-07	0.0	0.0	0.0
5.7e-07	0.0	0.0	0.0
5.702e-07	0.0	0.0	0.0
5.704e-07	0.0	0.0	0.0
5.706e-07	0.0	0.0	0.0
5.708e-07	0.0	0.0	0.0
5.71e-07	0.0	0.0	0.0
5.712e-07	0.0	0.0	0.0
5.714e-07	0.0	0.0	0.0
5.716e-07	0.0	0.0	0.0
5.718e-07	0.0	0.0	0.0
5.72e-07	0.0	0.0	0.0
5.722e-07	0.0	0.0	0.0
5.724e-07	0.0	0.0	0.0
5.726e-07	0.0	0.0	0.0
5.728e-07	0.0	0.0	0.0
5.73e-07	0.0	0.0	0.0
5.732e-07	0.0	0.0	0.0
5.734e-07	0.0	0.0	0.0
5.736e-07	0.0	0.0	0.0
5.738e-07	0.0	0.0	0.0
5.74e-07	0.0	0.0	0.0
5.742e-07	0.0	0.0	0.0
5.744e-07	0.0	0.0	0.0
5.746e-07	0.0	0.0	0.0
5.748e-07	0.0	0.0	0.0
5.75e-07	0.0	0.0	0.0
5.752e-07	0.0	0.0	0.0
5.754e-07	0.0	0.0	0.0
5.756e-07	0.0	0.0	0.0
5.758e-07	0.0	0.0	0.0
5.76e-07	0.0	0.0	0.0
5.762e-07	0.0	0.0	0.0
5.764e-07	0.0	0.0	0.0
5.766e-07	0.0	0.0	0.0
5.768e-07	0.0	0.0	0.0
5.77e-07	0.0	0.0	0.0
5.772e-07	0.0	0.0	0.0
5.774e-07	0.0	0.0	0.0
5.776e-07	0.0	0.0	0.0
5.778e-07	0.0	0.0	0.0
5.78e-07	0.0	0.0	0.0
5.782e-07	0.0	0.0	0.0
5.784e-07	0.0	0.0	0.0
5.786e-07	0.0	0.0	0.0
5.788e-07	0.0	0.0	0.0
5.79e-07	0.0	0.0	0.0
5.792e-07	0.0	0.0	0.0
5.794e-07	0.0	0.0	0.0
5.796e-07	0.0	0.0	0.0
5.798e-07	0.0	0.0	0.0
5.8e-07	0.0	0.0	0.0
5.802e-07	0.0	0.0	0.0
5.804e-07	0.0	0.0	0.0
5.806e-07	0.0	0.0	0.0
5.808e-07	0.0	0.0	0.0
5.81e-07	0.0	0.0	0.0
5.812e-07	0.0	0.0	0.0
5.814e-07	0.0	0.0	0.0
5.816e-07	0.0	0.0	0.0
5.818e-07	0.0	0.0	0.0
5.82e-07	0.0	0.0	0.0
5.822e-07	0.0	0.0	0.0
5.824e-07	0.0	0.0	0.0
5.826e-07	0.0	0.0	0.0
5.828e-07	0.0	0.0	0.0
5.83e-07	0.0	0.0	0.0
5.832e-07	0.0	0.0	0.0
5.834e-07	0.0	0.0	0.0
5.836e-07	0.0	0.0	0.0
5.838e-07	0.0	0.0	0.0
5.84e-07	0.0	0.0	0.0
5.842e-07	0.0	0.0	0.0
5.844e-07	0.0	0.0	0.0
5.846e-07	0.0	0.0	0.0
5.848e-07	0.0	0.0	0.0
5.85e-07	0.0	0.0	0.0
5.852e-07	0.0	0.0	0.0
5.854e-07	0.0	0.0	0.0
5.856e-07	0.0	0.0	0.0
5.858e-07	0.0	0.0	0.0
5.86e-07	0.0	0.0	0.0
5.862e-07	0.0	0.0	0.0
5.864e-07	0.0	0.0	0.0
5.866e-07	0.0	0.0	0.0
5.868e-07	0.0	0.0	0.0
5.87e-07	0.0	0.0	0.0
5.872e-07	0.0	0.0	0.0
5.874e-07	0.0	0.0	0.0
5.876e-07	0.0	0.0	0.0
5.878e-07	0.0	0.0	0.0
5.88e-07	0.0	0.0	0.0
5.882e-07	0.0	0.0	0.0
5.884e-07	0.0	0.0	0.0
5.886e-07	0.0	0.0	0.0
5.888e-07	0.0	0.0	0.0
5.89e-07	0.0	0.0	0.0
5.892e-07	0.0	0.0	0.0
5.894e-07	0.0	0.0	0.0
5.896e-07	0.0	0.0	0.0
5.898e-07	0.0	0.0	0.0
5.9e-07	0.0	0.0	0.0
5.902e-07	0.0	0.0	0.0
5.904e-07	0.0	0.0	0.0
5.906e-07	0.0	0.0	0.0
5.908e-07	0.0	0.0	0.0
5.91e-07	0.0	0.0	0.0
5.912e-07	0.0	0.0	0.0
5.914e-07	0.0	0.0	0.0
5.916e-07	0.0	0.0	0.0
5.918e-07	0.0	0.0	0.0
5.92e-07	0.0	0.0	0.0
5.922e-07	0.0	0.0	0.0
5.924e-07	0.0	0.0	0.0
5.926e-07	0.0	0.0	0.0
5.928e-07	0.0	0.0	0.0
5.93e-07	0.0	0.0	0.0
5.932e-07	0.0	0.0	0.0
5.934e-07	0.0	0.0	0.0
5.936e-07	0.0	0.0	0.0
5.938e-07	0.0	0.0	0.0
5.94e-07	0.0	0.0	0.0
5.942e-07	0.0	0.0	0.0
5.944e-07	0.0	0.0	0.0
5.946e-07	0.0	0.0	0.0
5.948e-07	0.0	0.0	0.0
5.95e-07	0.0	0.0	0.0
5.952e-07	0.0	0.0	0.0
5.954e-07	0.0	0.0	0.0
5.956e-07	0.0	0.0	0.0
5.958e-07	0.0	0.0	0.0
5.96e-07	0.0	0.0	0.0
5.962e-07	0.0	0.0	0.0
5.964e-07	0.0	0.0	0.0
5.966e-07	0.0	0.0	0.0
5.968e-07	0.0	0.0	0.0
5.97e-07	0.0	0.0	0.0
5.972e-07	0.0	0.0	0.0
5.974e-07	0.0	0.0	0.0
5.976e-07	0.0	0.0	0.0
5.978e-07	0.0	0.0	0.0
5.98e-07	0.0	0.0	0.0
5.982e-07	0.0	0.0	0.0
5.984e-07	0.0	0.0	0.0
5.986e-07	0.0	0.0	0.0
5.988e-07	0.0	0.0	0.0
5.99e-07	0.0	0.0	0.0
5.992e-07	0.0	0.0	0.0
5.994e-07	0.0	0.0	0.0
5.996e-07	0.0	0.0	0.0
5.998e-07	0.0	0.0	0.0
6e-07	0.0	0.0	0.0
6.002e-07	0.0	0.0	0.0
6.004e-07	0.0	0.0	0.0
6.006e-07	0.0	0.0	0.0
6.008e-07	0.0	0.0	0.0
6.01e-07	0.0	0.0	0.0
6.012e-07	0.0	0.0	0.0
6.014e-07	0.0	0.0	0.0
6.016e-07	0.0	0.0	0.0
6.018e-07	0.0	0.0	0.0
6.02e-07	0.0	0.0	0.0
6.022e-07	0.0	0.0	0.0
6.024e-07	0.0	0.0	0.0
6.026e-07	0.0	0.0	0.0
6.028e-07	0.0	0.0	0.0
6.03e-07	0.0	0.0	0.0
6.032e-07	0.0	0.0	0.0
6.034e-07	0.0	0.0	0.0
6.036e-07	0.0	0.0	0.0
6.038e-07	0.0	0.0	0.0
6.04e-07	0.0	0.0	0.0
6.042e-07	0.0	0.0	0.0
6.044e-07	0.0	0.0	0.0
6.046e-07	0.0	0.0	0.0
6.048e-07	0.0	0.0	0.0
6.05e-07	0.0	0.0	0.0
6.052e-07	0.0	0.0	0.0
6.054e-07	0.0	0.0	0.0
6.056e-07	0.0	0.0	0.0
6.058e-07	0.0	0.0	0.0
6.06e-07	0.0	0.0	0.0
6.062e-07	0.0	0.0	0.0
6.064e-07	0.0	0.0	0.0
6.066e-07	0.0	0.0	0.0
6.068e-07	0.0	0.0	0.0
6.07e-07	0.0	0.0	0.0
6.072e-07	0.0	0.0	0.0
6.074e-07	0.0	0.0	0.0
6.076e-07	0.0	0.0	0.0
6.078e-07	0.0	0.0	0.0
6.08e-07	0.0	0.0	0.0
6.082e-07	0.0	0.0	0.0
6.084e-07	0.0	0.0	0.0
6.086e-07	0.0	0.0	0.0
6.088e-07	0.0	0.0	0.0
6.09e-07	0.0	0.0	0.0
6.092e-07	0.0	0.0	0.0
6.094e-07	0.0	0.0	0.0
6.096e-07	0.0	0.0	0.0
6.098e-07	0.0	0.0	0.0
6.1e-07	0.0	0.0	0.0
6.102e-07	0.0	0.0	0.0
6.104e-07	0.0	0.0	0.0
6.106e-07	0.0	0.0	0.0
6.108e-07	0.0	0.0	0.0
6.11e-07	0.0	0.0	0.0
6.112e-07	0.0	0.0	0.0
6.114e-07	0.0	0.0	0.0
6.116e-07	0.0	0.0	0.0
6.118e-07	0.0	0.0	0.0
6.12e-07	0.0	0.0	0.0
6.122e-07	0.0	0.0	0.0
6.124e-07	0.0	0.0	0.0
6.126e-07	0.0	0.0	0.0
6.128e-07	0.0	0.0	0.0
6.13e-07	0.0	0.0	0.0
6.132e-07	0.0	0.0	0.0
6.134e-07	0.0	0.0	0.0
6.136e-07	0.0	0.0	0.0
6.138e-07	0.0	0.0	0.0
6.14e-07	0.0	0.0	0.0
6.142e-07	0.0	0.0	0.0
6.144e-07	0.0	0.0	0.0
6.146e-07	0.0	0.0	0.0
6.148e-07	0.0	0.0	0.0
6.15e-07	0.0	0.0	0.0
6.152e-07	0.0	0.0	0.0
6.154e-07	0.0	0.0	0.0
6.156e-07	0.0	0.0	0.0
6.158e-07	0.0	0.0	0.0
6.16e-07	0.0	0.0	0.0
6.162e-07	0.0	0.0	0.0
6.164e-07	0.0	0.0	0.0
6.166e-07	0.0	0.0	0.0
6.168e-07	0.0	0.0	0.0
6.17e-07	0.0	0.0	0.0
6.172e-07	0.0	0.0	0.0
6.174e-07	0.0	0.0	0.0
6.176e-07	0.0	0.0	0.0
6.178e-07	0.0	0.0	0.0
6.18e-07	0.0	0.0	0.0
6.182e-07	0.0	0.0	0.0
6.184e-07	0.0	0.0	0.0
6.186e-07	0.0	0.0	0.0
6.188e-07	0.0	0.0	0.0
6.19e-07	0.0	0.0	0.0
6.192e-07	0.0	0.0	0.0
6.194e-07	0.0	0.0	0.0
6.196e-07	0.0	0.0	0.0
6.198e-07	0.0	0.0	0.0
6.2e-07	0.0	0.0	0.0
6.202e-07	0.0	0.0	0.0
6.204e-07	0.0	0.0	0.0
6.206e-07	0.0	0.0	0.0
6.208e-07	0.0	0.0	0.0
6.21e-07	0.0	0.0	0.0
6.212e-07	0.0	0.0	0.0
6.214e-07	0.0	0.0	0.0
6.216e-07	0.0	0.0	0.0
6.218e-07	0.0	0.0	0.0
6.22e-07	0.0	0.0	0.0
6.222e-07	0.0	0.0	0.0
6.224e-07	0.0	0.0	0.0
6.226e-07	0.0	0.0	0.0
6.228e-07	0.0	0.0	0.0
6.23e-07	0.0	0.0	0.0
6.232e-07	0.0	0.0	0.0
6.234e-07	0.0	0.0	0.0
6.236e-07	0.0	0.0	0.0
6.238e-07	0.0	0.0	0.0
6.24e-07	0.0	0.0	0.0
6.242e-07	0.0	0.0	0.0
6.244e-07	0.0	0.0	0.0
6.246e-07	0.0	0.0	0.0
6.248e-07	0.0	0.0	0.0
6.25e-07	0.0	0.0	0.0
6.252e-07	0.0	0.0	0.0
6.254e-07	0.0	0.0	0.0
6.256e-07	0.0	0.0	0.0
6.258e-07	0.0	0.0	0.0
6.26e-07	0.0	0.0	0.0
6.262e-07	0.0	0.0	0.0
6.264e-07	0.0	0.0	0.0
6.266e-07	0.0	0.0	0.0
6.268e-07	0.0	0.0	0.0
6.27e-07	0.0	0.0	0.0
6.272e-07	0.0	0.0	0.0
6.274e-07	0.0	0.0	0.0
6.276e-07	0.0	0.0	0.0
6.278e-07	0.0	0.0	0.0
6.28e-07	0.0	0.0	0.0
6.282e-07	0.0	0.0	0.0
6.284e-07	0.0	0.0	0.0
6.286e-07	0.0	0.0	0.0
6.288e-07	0.0	0.0	0.0
6.29e-07	0.0	0.0	0.0
6.292e-07	0.0	0.0	0.0
6.294e-07	0.0	0.0	0.0
6.296e-07	0.0	0.0	0.0
6.298e-07	0.0	0.0	0.0
6.3e-07	0.0	0.0	0.0
6.302e-07	0.0	0.0	0.0
6.304e-07	0.0	0.0	0.0
6.306e-07	0.0	0.0	0.0
6.308e-07	0.0	0.0	0.0
6.31e-07	0.0	0.0	0.0
6.312e-07	0.0	0.0	0.0
6.314e-07	0.0	0.0	0.0
6.316e-07	0.0	0.0	0.0
6.318e-07	0.0	0.0	0.0
6.32e-07	0.0	0.0	0.0
6.322e-07	0.0	0.0	0.0
6.324e-07	0.0	0.0	0.0
6.326e-07	0.0	0.0	0.0
6.328e-07	0.0	0.0	0.0
6.33e-07	0.0	0.0	0.0
6.332e-07	0.0	0.0	0.0
6.334e-07	0.0	0.0	0.0
6.336e-07	0.0	0.0	0.0
6.338e-07	0.0	0.0	0.0
6.34e-07	0.0	0.0	0.0
6.342e-07	0.0	0.0	0.0
6.344e-07	0.0	0.0	0.0
6.346e-07	0.0	0.0	0.0
6.348e-07	0.0	0.0	0.0
6.35e-07	0.0	0.0	0.0
6.352e-07	0.0	0.0	0.0
6.354e-07	0.0	0.0	0.0
6.356e-07	0.0	0.0	0.0
6.358e-07	0.0	0.0	0.0
6.36e-07	0.0	0.0	0.0
6.362e-07	0.0	0.0	0.0
6.364e-07	0.0	0.0	0.0
6.366e-07	0.0	0.0	0.0
6.368e-07	0.0	0.0	0.0
6.37e-07	0.0	0.0	0.0
6.372e-07	0.0	0.0	0.0
6.374e-07	0.0	0.0	0.0
6.376e-07	0.0	0.0	0.0
6.378e-07	0.0	0.0	0.0
6.38e-07	0.0	0.0	0.0
6.382e-07	0.0	0.0	0.0
6.384e-07	0.0	0.0	0.0
6.386e-07	0.0	0.0	0.0
6.388e-07	0.0	0.0	0.0
6.39e-07	0.0	0.0	0.0
6.392e-07	0.0	0.0	0.0
6.394e-07	0.0	0.0	0.0
6.396e-07	0.0	0.0	0.0
6.398e-07	0.0	0.0	0.0
6.4e-07	0.0	0.0	0.0
6.402e-07	0.0	0.0	0.0
6.404e-07	0.0	0.0	0.0
6.406e-07	0.0	0.0	0.0
6.408e-07	0.0	0.0	0.0
6.41e-07	0.0	0.0	0.0
6.412e-07	0.0	0.0	0.0
6.414e-07	0.0	0.0	0.0
6.416e-07	0.0	0.0	0.0
6.418e-07	0.0	0.0	0.0
6.42e-07	0.0	0.0	0.0
6.422e-07	0.0	0.0	0.0
6.424e-07	0.0	0.0	0.0
6.426e-07	0.0	0.0	0.0
6.428e-07	0.0	0.0	0.0
6.43e-07	0.0	0.0	0.0
6.432e-07	0.0	0.0	0.0
6.434e-07	0.0	0.0	0.0
6.436e-07	0.0	0.0	0.0
6.438e-07	0.0	0.0	0.0
6.44e-07	0.0	0.0	0.0
6.442e-07	0.0	0.0	0.0
6.444e-07	0.0	0.0	0.0
6.446e-07	0.0	0.0	0.0
6.448e-07	0.0	0.0	0.0
6.45e-07	0.0	0.0	0.0
6.452e-07	0.0	0.0	0.0
6.454e-07	0.0	0.0	0.0
6.456e-07	0.0	0.0	0.0
6.458e-07	0.0	0.0	0.0
6.46e-07	0.0	0.0	0.0
6.462e-07	0.0	0.0	0.0
6.464e-07	0.0	0.0	0.0
6.466e-07	0.0	0.0	0.0
6.468e-07	0.0	0.0	0.0
6.47e-07	0.0	0.0	0.0
6.472e-07	0.0	0.0	0.0
6.474e-07	0.0	0.0	0.0
6.476e-07	0.0	0.0	0.0
6.478e-07	0.0	0.0	0.0
6.48e-07	0.0	0.0	0.0
6.482e-07	0.0	0.0	0.0
6.484e-07	0.0	0.0	0.0
6.486e-07	0.0	0.0	0.0
6.488e-07	0.0	0.0	0.0
6.49e-07	0.0	0.0	0.0
6.492e-07	0.0	0.0	0.0
6.494e-07	0.0	0.0	0.0
6.496e-07	0.0	0.0	0.0
6.498e-07	0.0	0.0	0.0
6.5e-07	0.0	0.0	0.0
6.502e-07	0.0	0.0	0.0
6.504e-07	0.0	0.0	0.0
6.506e-07	0.0	0.0	0.0
6.508e-07	0.0	0.0	0.0
6.51e-07	0.0	0.0	0.0
6.512e-07	0.0	0.0	0.0
6.514e-07	0.0	0.0	0.0
6.516e-07	0.0	0.0	0.0
6.518e-07	0.0	0.0	0.0
6.52e-07	0.0	0.0	0.0
6.522e-07	0.0	0.0	0.0
6.524e-07	0.0	0.0	0.0
6.526e-07	0.0	0.0	0.0
6.528e-07	0.0	0.0	0.0
6.53e-07	0.0	0.0	0.0
6.532e-07	0.0	0.0	0.0
6.534e-07	0.0	0.0	0.0
6.536e-07	0.0	0.0	0.0
6.538e-07	0.0	0.0	0.0
6.54e-07	0.0	0.0	0.0
6.542e-07	0.0	0.0	0.0
6.544e-07	0.0	0.0	0.0
6.546e-07	0.0	0.0	0.0
6.548e-07	0.0	0.0	0.0
6.55e-07	0.0	0.0	0.0
6.552e-07	0.0	0.0	0.0
6.554e-07	0.0	0.0	0.0
6.556e-07	0.0	0.0	0.0
6.558e-07	0.0	0.0	0.0
6.56e-07	0.0	0.0	0.0
6.562e-07	0.0	0.0	0.0
6.564e-07	0.0	0.0	0.0
6.566e-07	0.0	0.0	0.0
6.568e-07	0.0	0.0	0.0
6.57e-07	0.0	0.0	0.0
6.572e-07	0.0	0.0	0.0
6.574e-07	0.0	0.0	0.0
6.576e-07	0.0	0.0	0.0
6.578e-07	0.0	0.0	0.0
6.58e-07	0.0	0.0	0.0
6.582e-07	0.0	0.0	0.0
6.584e-07	0.0	0.0	0.0
6.586e-07	0.0	0.0	0.0
6.588e-07	0.0	0.0	0.0
6.59e-07	0.0	0.0	0.0
6.592e-07	0.0	0.0	0.0
6.594e-07	0.0	0.0	0.0
6.596e-07	0.0	0.0	0.0
6.598e-07	0.0	0.0	0.0
6.6e-07	0.0	0.0	0.0
6.602e-07	0.0	0.0	0.0
6.604e-07	0.0	0.0	0.0
6.606e-07	0.0	0.0	0.0
6.608e-07	0.0	0.0	0.0
6.61e-07	0.0	0.0	0.0
6.612e-07	0.0	0.0	0.0
6.614e-07	0.0	0.0	0.0
6.616e-07	0.0	0.0	0.0
6.618e-07	0.0	0.0	0.0
6.62e-07	0.0	0.0	0.0
6.622e-07	0.0	0.0	0.0
6.624e-07	0.0	0.0	0.0
6.626e-07	0.0	0.0	0.0
6.628e-07	0.0	0.0	0.0
6.63e-07	0.0	0.0	0.0
6.632e-07	0.0	0.0	0.0
6.634e-07	0.0	0.0	0.0
6.636e-07	0.0	0.0	0.0
6.638e-07	0.0	0.0	0.0
6.64e-07	0.0	0.0	0.0
6.642e-07	0.0	0.0	0.0
6.644e-07	0.0	0.0	0.0
6.646e-07	0.0	0.0	0.0
6.648e-07	0.0	0.0	0.0
6.65e-07	0.0	0.0	0.0
6.652e-07	0.0	0.0	0.0
6.654e-07	0.0	0.0	0.0
6.656e-07	0.0	0.0	0.0
6.658e-07	0.0	0.0	0.0
6.66e-07	0.0	0.0	0.0
6.662e-07	0.0	0.0	0.0
6.664e-07	0.0	0.0	0.0
6.666e-07	0.0	0.0	0.0
6.668e-07	0.0	0.0	0.0
6.67e-07	0.0	0.0	0.0
6.672e-07	0.0	0.0	0.0
6.674e-07	0.0	0.0	0.0
6.676e-07	0.0	0.0	0.0
6.678e-07	0.0	0.0	0.0
6.68e-07	0.0	0.0	0.0
6.682e-07	0.0	0.0	0.0
6.684e-07	0.0	0.0	0.0
6.686e-07	0.0	0.0	0.0
6.688e-07	0.0	0.0	0.0
6.69e-07	0.0	0.0	0.0
6.692e-07	0.0	0.0	0.0
6.694e-07	0.0	0.0	0.0
6.696e-07	0.0	0.0	0.0
6.698e-07	0.0	0.0	0.0
6.7e-07	0.0	0.0	0.0
6.702e-07	0.0	0.0	0.0
6.704e-07	0.0	0.0	0.0
6.706e-07	0.0	0.0	0.0
6.708e-07	0.0	0.0	0.0
6.71e-07	0.0	0.0	0.0
6.712e-07	0.0	0.0	0.0
6.714e-07	0.0	0.0	0.0
6.716e-07	0.0	0.0	0.0
6.718e-07	0.0	0.0	0.0
6.72e-07	0.0	0.0	0.0
6.722e-07	0.0	0.0	0.0
6.724e-07	0.0	0.0	0.0
6.726e-07	0.0	0.0	0.0
6.728e-07	0.0	0.0	0.0
6.73e-07	0.0	0.0	0.0
6.732e-07	0.0	0.0	0.0
6.734e-07	0.0	0.0	0.0
6.736e-07	0.0	0.0	0.0
6.738e-07	0.0	0.0	0.0
6.74e-07	0.0	0.0	0.0
6.742e-07	0.0	0.0	0.0
6.744e-07	0.0	0.0	0.0
6.746e-07	0.0	0.0	0.0
6.748e-07	0.0	0.0	0.0
6.75e-07	0.0	0.0	0.0
6.752e-07	0.0	0.0	0.0
6.754e-07	0.0	0.0	0.0
6.756e-07	0.0	0.0	0.0
6.758e-07	0.0	0.0	0.0
6.76e-07	0.0	0.0	0.0
6.762e-07	0.0	0.0	0.0
6.764e-07	0.0	0.0	0.0
6.766e-07	0.0	0.0	0.0
6.768e-07	0.0	0.0	0.0
6.77e-07	0.0	0.0	0.0
6.772e-07	0.0	0.0	0.0
6.774e-07	0.0	0.0	0.0
6.776e-07	0.0	0.0	0.0
6.778e-07	0.0	0.0	0.0
6.78e-07	0.0	0.0	0.0
6.782e-07	0.0	0.0	0.0
6.784e-07	0.0	0.0	0.0
6.786e-07	0.0	0.0	0.0
6.788e-07	0.0	0.0	0.0
6.79e-07	0.0	0.0	0.0
6.792e-07	0.0	0.0	0.0
6.794e-07	0.0	0.0	0.0
6.796e-07	0.0	0.0	0.0
6.798e-07	0.0	0.0	0.0
6.8e-07	0.0	0.0	0.0
6.802e-07	0.0	0.0	0.0
6.804e-07	0.0	0.0	0.0
6.806e-07	0.0	0.0	0.0
6.808e-07	0.0	0.0	0.0
6.81e-07	0.0	0.0	0.0
6.812e-07	0.0	0.0	0.0
6.814e-07	0.0	0.0	0.0
6.816e-07	0.0	0.0	0.0
6.818e-07	0.0	0.0	0.0
6.82e-07	0.0	0.0	0.0
6.822e-07	0.0	0.0	0.0
6.824e-07	0.0	0.0	0.0
6.826e-07	0.0	0.0	0.0
6.828e-07	0.0	0.0	0.0
6.83e-07	0.0	0.0	0.0
6.832e-07	0.0	0.0	0.0
6.834e-07	0.0	0.0	0.0
6.836e-07	0.0	0.0	0.0
6.838e-07	0.0	0.0	0.0
6.84e-07	0.0	0.0	0.0
6.842e-07	0.0	0.0	0.0
6.844e-07	0.0	0.0	0.0
6.846e-07	0.0	0.0	0.0
6.848e-07	0.0	0.0	0.0
6.85e-07	0.0	0.0	0.0
6.852e-07	0.0	0.0	0.0
6.854e-07	0.0	0.0	0.0
6.856e-07	0.0	0.0	0.0
6.858e-07	0.0	0.0	0.0
6.86e-07	0.0	0.0	0.0
6.862e-07	0.0	0.0	0.0
6.864e-07	0.0	0.0	0.0
6.866e-07	0.0	0.0	0.0
6.868e-07	0.0	0.0	0.0
6.87e-07	0.0	0.0	0.0
6.872e-07	0.0	0.0	0.0
6.874e-07	0.0	0.0	0.0
6.876e-07	0.0	0.0	0.0
6.878e-07	0.0	0.0	0.0
6.88e-07	0.0	0.0	0.0
6.882e-07	0.0	0.0	0.0
6.884e-07	0.0	0.0	0.0
6.886e-07	0.0	0.0	0.0
6.888e-07	0.0	0.0	0.0
6.89e-07	0.0	0.0	0.0
6.892e-07	0.0	0.0	0.0
6.894e-07	0.0	0.0	0.0
6.896e-07	0.0	0.0	0.0
6.898e-07	0.0	0.0	0.0
6.9e-07	0.0	0.0	0.0
6.902e-07	0.0	0.0	0.0
6.904e-07	0.0	0.0	0.0
6.906e-07	0.0	0.0	0.0
6.908e-07	0.0	0.0	0.0
6.91e-07	0.0	0.0	0.0
6.912e-07	0.0	0.0	0.0
6.914e-07	0.0	0.0	0.0
6.916e-07	0.0	0.0	0.0
6.918e-07	0.0	0.0	0.0
6.92e-07	0.0	0.0	0.0
6.922e-07	0.0	0.0	0.0
6.924e-07	0.0	0.0	0.0
6.926e-07	0.0	0.0	0.0
6.928e-07	0.0	0.0	0.0
6.93e-07	0.0	0.0	0.0
6.932e-07	0.0	0.0	0.0
6.934e-07	0.0	0.0	0.0
6.936e-07	0.0	0.0	0.0
6.938e-07	0.0	0.0	0.0
6.94e-07	0.0	0.0	0.0
6.942e-07	0.0	0.0	0.0
6.944e-07	0.0	0.0	0.0
6.946e-07	0.0	0.0	0.0
6.948e-07	0.0	0.0	0.0
6.95e-07	0.0	0.0	0.0
6.952e-07	0.0	0.0	0.0
6.954e-07	0.0	0.0	0.0
6.956e-07	0.0	0.0	0.0
6.958e-07	0.0	0.0	0.0
6.96e-07	0.0	0.0	0.0
6.962e-07	0.0	0.0	0.0
6.964e-07	0.0	0.0	0.0
6.966e-07	0.0	0.0	0.0
6.968e-07	0.0	0.0	0.0
6.97e-07	0.0	0.0	0.0
6.972e-07	0.0	0.0	0.0
6.974e-07	0.0	0.0	0.0
6.976e-07	0.0	0.0	0.0
6.978e-07	0.0	0.0	0.0
6.98e-07	0.0	0.0	0.0
6.982e-07	0.0	0.0	0.0
6.984e-07	0.0	0.0	0.0
6.986e-07	0.0	0.0	0.0
6.988e-07	0.0	0.0	0.0
6.99e-07	0.0	0.0	0.0
6.992e-07	0.0	0.0	0.0
6.994e-07	0.0	0.0	0.0
6.996e-07	0.0	0.0	0.0
6.998e-07	0.0	0.0	0.0
7e-07	0.0	0.0	0.0
7.002e-07	0.0	0.0	0.0
7.004e-07	0.0	0.0	0.0
7.006e-07	0.0	0.0	0.0
7.008e-07	0.0	0.0	0.0
7.01e-07	0.0	0.0	0.0
7.012e-07	0.0	0.0	0.0
7.014e-07	0.0	0.0	0.0
7.016e-07	0.0	0.0	0.0
7.018e-07	0.0	0.0	0.0
7.02e-07	0.0	0.0	0.0
7.022e-07	0.0	0.0	0.0
7.024e-07	0.0	0.0	0.0
7.026e-07	0.0	0.0	0.0
7.028e-07	0.0	0.0	0.0
7.03e-07	0.0	0.0	0.0
7.032e-07	0.0	0.0	0.0
7.034e-07	0.0	0.0	0.0
7.036e-07	0.0	0.0	0.0
7.038e-07	0.0	0.0	0.0
7.04e-07	0.0	0.0	0.0
7.042e-07	0.0	0.0	0.0
7.044e-07	0.0	0.0	0.0
7.046e-07	0.0	0.0	0.0
7.048e-07	0.0	0.0	0.0
7.05e-07	0.0	0.0	0.0
7.052e-07	0.0	0.0	0.0
7.054e-07	0.0	0.0	0.0
7.056e-07	0.0	0.0	0.0
7.058e-07	0.0	0.0	0.0
7.06e-07	0.0	0.0	0.0
7.062e-07	0.0	0.0	0.0
7.064e-07	0.0	0.0	0.0
7.066e-07	0.0	0.0	0.0
7.068e-07	0.0	0.0	0.0
7.07e-07	0.0	0.0	0.0
7.072e-07	0.0	0.0	0.0
7.074e-07	0.0	0.0	0.0
7.076e-07	0.0	0.0	0.0
7.078e-07	0.0	0.0	0.0
7.08e-07	0.0	0.0	0.0
7.082e-07	0.0	0.0	0.0
7.084e-07	0.0	0.0	0.0
7.086e-07	0.0	0.0	0.0
7.088e-07	0.0	0.0	0.0
7.09e-07	0.0	0.0	0.0
7.092e-07	0.0	0.0	0.0
7.094e-07	0.0	0.0	0.0
7.096e-07	0.0	0.0	0.0
7.098e-07	0.0	0.0	0.0
7.1e-07	0.0	0.0	0.0
7.102e-07	0.0	0.0	0.0
7.104e-07	0.0	0.0	0.0
7.106e-07	0.0	0.0	0.0
7.108e-07	0.0	0.0	0.0
7.11e-07	0.0	0.0	0.0
7.112e-07	0.0	0.0	0.0
7.114e-07	0.0	0.0	0.0
7.116e-07	0.0	0.0	0.0
7.118e-07	0.0	0.0	0.0
7.12e-07	0.0	0.0	0.0
7.122e-07	0.0	0.0	0.0
7.124e-07	0.0	0.0	0.0
7.126e-07	0.0	0.0	0.0
7.128e-07	0.0	0.0	0.0
7.13e-07	0.0	0.0	0.0
7.132e-07	0.0	0.0	0.0
7.134e-07	0.0	0.0	0.0
7.136e-07	0.0	0.0	0.0
7.138e-07	0.0	0.0	0.0
7.14e-07	0.0	0.0	0.0
7.142e-07	0.0	0.0	0.0
7.144e-07	0.0	0.0	0.0
7.146e-07	0.0	0.0	0.0
7.148e-07	0.0	0.0	0.0
7.15e-07	0.0	0.0	0.0
7.152e-07	0.0	0.0	0.0
7.154e-07	0.0	0.0	0.0
7.156e-07	0.0	0.0	0.0
7.158e-07	0.0	0.0	0.0
7.16e-07	0.0	0.0	0.0
7.162e-07	0.0	0.0	0.0
7.164e-07	0.0	0.0	0.0
7.166e-07	0.0	0.0	0.0
7.168e-07	0.0	0.0	0.0
7.17e-07	0.0	0.0	0.0
7.172e-07	0.0	0.0	0.0
7.174e-07	0.0	0.0	0.0
7.176e-07	0.0	0.0	0.0
7.178e-07	0.0	0.0	0.0
7.18e-07	0.0	0.0	0.0
7.182e-07	0.0	0.0	0.0
7.184e-07	0.0	0.0	0.0
7.186e-07	0.0	0.0	0.0
7.188e-07	0.0	0.0	0.0
7.19e-07	0.0	0.0	0.0
7.192e-07	0.0	0.0	0.0
7.194e-07	0.0	0.0	0.0
7.196e-07	0.0	0.0	0.0
7.198e-07	0.0	0.0	0.0
7.2e-07	0.0	0.0	0.0
7.202e-07	0.0	0.0	0.0
7.204e-07	0.0	0.0	0.0
7.206e-07	0.0	0.0	0.0
7.208e-07	0.0	0.0	0.0
7.21e-07	0.0	0.0	0.0
7.212e-07	0.0	0.0	0.0
7.214e-07	0.0	0.0	0.0
7.216e-07	0.0	0.0	0.0
7.218e-07	0.0	0.0	0.0
7.22e-07	0.0	0.0	0.0
7.222e-07	0.0	0.0	0.0
7.224e-07	0.0	0.0	0.0
7.226e-07	0.0	0.0	0.0
7.228e-07	0.0	0.0	0.0
7.23e-07	0.0	0.0	0.0
7.232e-07	0.0	0.0	0.0
7.234e-07	0.0	0.0	0.0
7.236e-07	0.0	0.0	0.0
7.238e-07	0.0	0.0	0.0
7.24e-07	0.0	0.0	0.0
7.242e-07	0.0	0.0	0.0
7.244e-07	0.0	0.0	0.0
7.246e-07	0.0	0.0	0.0
7.248e-07	0.0	0.0	0.0
7.25e-07	0.0	0.0	0.0
7.252e-07	0.0	0.0	0.0
7.254e-07	0.0	0.0	0.0
7.256e-07	0.0	0.0	0.0
7.258e-07	0.0	0.0	0.0
7.26e-07	0.0	0.0	0.0
7.262e-07	0.0	0.0	0.0
7.264e-07	0.0	0.0	0.0
7.266e-07	0.0	0.0	0.0
7.268e-07	0.0	0.0	0.0
7.27e-07	0.0	0.0	0.0
7.272e-07	0.0	0.0	0.0
7.274e-07	0.0	0.0	0.0
7.276e-07	0.0	0.0	0.0
7.278e-07	0.0	0.0	0.0
7.28e-07	0.0	0.0	0.0
7.282e-07	0.0	0.0	0.0
7.284e-07	0.0	0.0	0.0
7.286e-07	0.0	0.0	0.0
7.288e-07	0.0	0.0	0.0
7.29e-07	0.0	0.0	0.0
7.292e-07	0.0	0.0	0.0
7.294e-07	0.0	0.0	0.0
7.296e-07	0.0	0.0	0.0
7.298e-07	0.0	0.0	0.0
7.3e-07	0.0	0.0	0.0
7.302e-07	0.0	0.0	0.0
7.304e-07	0.0	0.0	0.0
7.306e-07	0.0	0.0	0.0
7.308e-07	0.0	0.0	0.0
7.31e-07	0.0	0.0	0.0
7.312e-07	0.0	0.0	0.0
7.314e-07	0.0	0.0	0.0
7.316e-07	0.0	0.0	0.0
7.318e-07	0.0	0.0	0.0
7.32e-07	0.0	0.0	0.0
7.322e-07	0.0	0.0	0.0
7.324e-07	0.0	0.0	0.0
7.326e-07	0.0	0.0	0.0
7.328e-07	0.0	0.0	0.0
7.33e-07	0.0	0.0	0.0
7.332e-07	0.0	0.0	0.0
7.334e-07	0.0	0.0	0.0
7.336e-07	0.0	0.0	0.0
7.338e-07	0.0	0.0	0.0
7.34e-07	0.0	0.0	0.0
7.342e-07	0.0	0.0	0.0
7.344e-07	0.0	0.0	0.0
7.346e-07	0.0	0.0	0.0
7.348e-07	0.0	0.0	0.0
7.35e-07	0.0	0.0	0.0
7.352e-07	0.0	0.0	0.0
7.354e-07	0.0	0.0	0.0
7.356e-07	0.0	0.0	0.0
7.358e-07	0.0	0.0	0.0
7.36e-07	0.0	0.0	0.0
7.362e-07	0.0	0.0	0.0
7.364e-07	0.0	0.0	0.0
7.366e-07	0.0	0.0	0.0
7.368e-07	0.0	0.0	0.0
7.37e-07	0.0	0.0	0.0
7.372e-07	0.0	0.0	0.0
7.374e-07	0.0	0.0	0.0
7.376e-07	0.0	0.0	0.0
7.378e-07	0.0	0.0	0.0
7.38e-07	0.0	0.0	0.0
7.382e-07	0.0	0.0	0.0
7.384e-07	0.0	0.0	0.0
7.386e-07	0.0	0.0	0.0
7.388e-07	0.0	0.0	0.0
7.39e-07	0.0	0.0	0.0
7.392e-07	0.0	0.0	0.0
7.394e-07	0.0	0.0	0.0
7.396e-07	0.0	0.0	0.0
7.398e-07	0.0	0.0	0.0
7.4e-07	0.0	0.0	0.0
7.402e-07	0.0	0.0	0.0
7.404e-07	0.0	0.0	0.0
7.406e-07	0.0	0.0	0.0
7.408e-07	0.0	0.0	0.0
7.41e-07	0.0	0.0	0.0
7.412e-07	0.0	0.0	0.0
7.414e-07	0.0	0.0	0.0
7.416e-07	0.0	0.0	0.0
7.418e-07	0.0	0.0	0.0
7.42e-07	0.0	0.0	0.0
7.422e-07	0.0	0.0	0.0
7.424e-07	0.0	0.0	0.0
7.426e-07	0.0	0.0	0.0
7.428e-07	0.0	0.0	0.0
7.43e-07	0.0	0.0	0.0
7.432e-07	0.0	0.0	0.0
7.434e-07	0.0	0.0	0.0
7.436e-07	0.0	0.0	0.0
7.438e-07	0.0	0.0	0.0
7.44e-07	0.0	0.0	0.0
7.442e-07	0.0	0.0	0.0
7.444e-07	0.0	0.0	0.0
7.446e-07	0.0	0.0	0.0
7.448e-07	0.0	0.0	0.0
7.45e-07	0.0	0.0	0.0
7.452e-07	0.0	0.0	0.0
7.454e-07	0.0	0.0	0.0
7.456e-07	0.0	0.0	0.0
7.458e-07	0.0	0.0	0.0
7.46e-07	0.0	0.0	0.0
7.462e-07	0.0	0.0	0.0
7.464e-07	0.0	0.0	0.0
7.466e-07	0.0	0.0	0.0
7.468e-07	0.0	0.0	0.0
7.47e-07	0.0	0.0	0.0
7.472e-07	0.0	0.0	0.0
7.474e-07	0.0	0.0	0.0
7.476e-07	0.0	0.0	0.0
7.478e-07	0.0	0.0	0.0
7.48e-07	0.0	0.0	0.0
7.482e-07	0.0	0.0	0.0
7.484e-07	0.0	0.0	0.0
7.486e-07	0.0	0.0	0.0
7.488e-07	0.0	0.0	0.0
7.49e-07	0.0	0.0	0.0
7.492e-07	0.0	0.0	0.0
7.494e-07	0.0	0.0	0.0
7.496e-07	0.0	0.0	0.0
7.498e-07	0.0	0.0	0.0
7.5e-07	0.0	0.0	0.0
7.502e-07	0.0	0.0	0.0
7.504e-07	0.0	0.0	0.0
7.506e-07	0.0	0.0	0.0
7.508e-07	0.0	0.0	0.0
7.51e-07	0.0	0.0	0.0
7.512e-07	0.0	0.0	0.0
7.514e-07	0.0	0.0	0.0
7.516e-07	0.0	0.0	0.0
7.518e-07	0.0	0.0	0.0
7.52e-07	0.0	0.0	0.0
7.522e-07	0.0	0.0	0.0
7.524e-07	0.0	0.0	0.0
7.526e-07	0.0	0.0	0.0
7.528e-07	0.0	0.0	0.0
7.53e-07	0.0	0.0	0.0
7.532e-07	0.0	0.0	0.0
7.534e-07	0.0	0.0	0.0
7.536e-07	0.0	0.0	0.0
7.538e-07	0.0	0.0	0.0
7.54e-07	0.0	0.0	0.0
7.542e-07	0.0	0.0	0.0
7.544e-07	0.0	0.0	0.0
7.546e-07	0.0	0.0	0.0
7.548e-07	0.0	0.0	0.0
7.55e-07	0.0	0.0	0.0
7.552e-07	0.0	0.0	0.0
7.554e-07	0.0	0.0	0.0
7.556e-07	0.0	0.0	0.0
7.558e-07	0.0	0.0	0.0
7.56e-07	0.0	0.0	0.0
7.562e-07	0.0	0.0	0.0
7.564e-07	0.0	0.0	0.0
7.566e-07	0.0	0.0	0.0
7.568e-07	0.0	0.0	0.0
7.57e-07	0.0	0.0	0.0
7.572e-07	0.0	0.0	0.0
7.574e-07	0.0	0.0	0.0
7.576e-07	0.0	0.0	0.0
7.578e-07	0.0	0.0	0.0
7.58e-07	0.0	0.0	0.0
7.582e-07	0.0	0.0	0.0
7.584e-07	0.0	0.0	0.0
7.586e-07	0.0	0.0	0.0
7.588e-07	0.0	0.0	0.0
7.59e-07	0.0	0.0	0.0
7.592e-07	0.0	0.0	0.0
7.594e-07	0.0	0.0	0.0
7.596e-07	0.0	0.0	0.0
7.598e-07	0.0	0.0	0.0
7.6e-07	0.0	0.0	0.0
7.602e-07	0.0	0.0	0.0
7.604e-07	0.0	0.0	0.0
7.606e-07	0.0	0.0	0.0
7.608e-07	0.0	0.0	0.0
7.61e-07	0.0	0.0	0.0
7.612e-07	0.0	0.0	0.0
7.614e-07	0.0	0.0	0.0
7.616e-07	0.0	0.0	0.0
7.618e-07	0.0	0.0	0.0
7.62e-07	0.0	0.0	0.0
7.622e-07	0.0	0.0	0.0
7.624e-07	0.0	0.0	0.0
7.626e-07	0.0	0.0	0.0
7.628e-07	0.0	0.0	0.0
7.63e-07	0.0	0.0	0.0
7.632e-07	0.0	0.0	0.0
7.634e-07	0.0	0.0	0.0
7.636e-07	0.0	0.0	0.0
7.638e-07	0.0	0.0	0.0
7.64e-07	0.0	0.0	0.0
7.642e-07	0.0	0.0	0.0
7.644e-07	0.0	0.0	0.0
7.646e-07	0.0	0.0	0.0
7.648e-07	0.0	0.0	0.0
7.65e-07	0.0	0.0	0.0
7.652e-07	0.0	0.0	0.0
7.654e-07	0.0	0.0	0.0
7.656e-07	0.0	0.0	0.0
7.658e-07	0.0	0.0	0.0
7.66e-07	0.0	0.0	0.0
7.662e-07	0.0	0.0	0.0
7.664e-07	0.0	0.0	0.0
7.666e-07	0.0	0.0	0.0
7.668e-07	0.0	0.0	0.0
7.67e-07	0.0	0.0	0.0
7.672e-07	0.0	0.0	0.0
7.674e-07	0.0	0.0	0.0
7.676e-07	0.0	0.0	0.0
7.678e-07	0.0	0.0	0.0
7.68e-07	0.0	0.0	0.0
7.682e-07	0.0	0.0	0.0
7.684e-07	0.0	0.0	0.0
7.686e-07	0.0	0.0	0.0
7.688e-07	0.0	0.0	0.0
7.69e-07	0.0	0.0	0.0
7.692e-07	0.0	0.0	0.0
7.694e-07	0.0	0.0	0.0
7.696e-07	0.0	0.0	0.0
7.698e-07	0.0	0.0	0.0
7.7e-07	0.0	0.0	0.0
7.702e-07	0.0	0.0	0.0
7.704e-07	0.0	0.0	0.0
7.706e-07	0.0	0.0	0.0
7.708e-07	0.0	0.0	0.0
7.71e-07	0.0	0.0	0.0
7.712e-07	0.0	0.0	0.0
7.714e-07	0.0	0.0	0.0
7.716e-07	0.0	0.0	0.0
7.718e-07	0.0	0.0	0.0
7.72e-07	0.0	0.0	0.0
7.722e-07	0.0	0.0	0.0
7.724e-07	0.0	0.0	0.0
7.726e-07	0.0	0.0	0.0
7.728e-07	0.0	0.0	0.0
7.73e-07	0.0	0.0	0.0
7.732e-07	0.0	0.0	0.0
7.734e-07	0.0	0.0	0.0
7.736e-07	0.0	0.0	0.0
7.738e-07	0.0	0.0	0.0
7.74e-07	0.0	0.0	0.0
7.742e-07	0.0	0.0	0.0
7.744e-07	0.0	0.0	0.0
7.746e-07	0.0	0.0	0.0
7.748e-07	0.0	0.0	0.0
7.75e-07	0.0	0.0	0.0
7.752e-07	0.0	0.0	0.0
7.754e-07	0.0	0.0	0.0
7.756e-07	0.0	0.0	0.0
7.758e-07	0.0	0.0	0.0
7.76e-07	0.0	0.0	0.0
7.762e-07	0.0	0.0	0.0
7.764e-07	0.0	0.0	0.0
7.766e-07	0.0	0.0	0.0
7.768e-07	0.0	0.0	0.0
7.77e-07	0.0	0.0	0.0
7.772e-07	0.0	0.0	0.0
7.774e-07	0.0	0.0	0.0
7.776e-07	0.0	0.0	0.0
7.778e-07	0.0	0.0	0.0
7.78e-07	0.0	0.0	0.0
7.782e-07	0.0	0.0	0.0
7.784e-07	0.0	0.0	0.0
7.786e-07	0.0	0.0	0.0
7.788e-07	0.0	0.0	0.0
7.79e-07	0.0	0.0	0.0
7.792e-07	0.0	0.0	0.0
7.794e-07	0.0	0.0	0.0
7.796e-07	0.0	0.0	0.0
7.798e-07	0.0	0.0	0.0
7.8e-07	0.0	0.0	0.0
7.802e-07	0.0	0.0	0.0
7.804e-07	0.0	0.0	0.0
7.806e-07	0.0	0.0	0.0
7.808e-07	0.0	0.0	0.0
7.81e-07	0.0	0.0	0.0
7.812e-07	0.0	0.0	0.0
7.814e-07	0.0	0.0	0.0
7.816e-07	0.0	0.0	0.0
7.818e-07	0.0	0.0	0.0
7.82e-07	0.0	0.0	0.0
7.822e-07	0.0	0.0	0.0
7.824e-07	0.0	0.0	0.0
7.826e-07	0.0	0.0	0.0
7.828e-07	0.0	0.0	0.0
7.83e-07	0.0	0.0	0.0
7.832e-07	0.0	0.0	0.0
7.834e-07	0.0	0.0	0.0
7.836e-07	0.0	0.0	0.0
7.838e-07	0.0	0.0	0.0
7.84e-07	0.0	0.0	0.0
7.842e-07	0.0	0.0	0.0
7.844e-07	0.0	0.0	0.0
7.846e-07	0.0	0.0	0.0
7.848e-07	0.0	0.0	0.0
7.85e-07	0.0	0.0	0.0
7.852e-07	0.0	0.0	0.0
7.854e-07	0.0	0.0	0.0
7.856e-07	0.0	0.0	0.0
7.858e-07	0.0	0.0	0.0
7.86e-07	0.0	0.0	0.0
7.862e-07	0.0	0.0	0.0
7.864e-07	0.0	0.0	0.0
7.866e-07	0.0	0.0	0.0
7.868e-07	0.0	0.0	0.0
7.87e-07	0.0	0.0	0.0
7.872e-07	0.0	0.0	0.0
7.874e-07	0.0	0.0	0.0
7.876e-07	0.0	0.0	0.0
7.878e-07	0.0	0.0	0.0
7.88e-07	0.0	0.0	0.0
7.882e-07	0.0	0.0	0.0
7.884e-07	0.0	0.0	0.0
7.886e-07	0.0	0.0	0.0
7.888e-07	0.0	0.0	0.0
7.89e-07	0.0	0.0	0.0
7.892e-07	0.0	0.0	0.0
7.894e-07	0.0	0.0	0.0
7.896e-07	0.0	0.0	0.0
7.898e-07	0.0	0.0	0.0
7.9e-07	0.0	0.0	0.0
7.902e-07	0.0	0.0	0.0
7.904e-07	0.0	0.0	0.0
7.906e-07	0.0	0.0	0.0
7.908e-07	0.0	0.0	0.0
7.91e-07	0.0	0.0	0.0
7.912e-07	0.0	0.0	0.0
7.914e-07	0.0	0.0	0.0
7.916e-07	0.0	0.0	0.0
7.918e-07	0.0	0.0	0.0
7.92e-07	0.0	0.0	0.0
7.922e-07	0.0	0.0	0.0
7.924e-07	0.0	0.0	0.0
7.926e-07	0.0	0.0	0.0
7.928e-07	0.0	0.0	0.0
7.93e-07	0.0	0.0	0.0
7.932e-07	0.0	0.0	0.0
7.934e-07	0.0	0.0	0.0
7.936e-07	0.0	0.0	0.0
7.938e-07	0.0	0.0	0.0
7.94e-07	0.0	0.0	0.0
7.942e-07	0.0	0.0	0.0
7.944e-07	0.0	0.0	0.0
7.946e-07	0.0	0.0	0.0
7.948e-07	0.0	0.0	0.0
7.95e-07	0.0	0.0	0.0
7.952e-07	0.0	0.0	0.0
7.954e-07	0.0	0.0	0.0
7.956e-07	0.0	0.0	0.0
7.958e-07	0.0	0.0	0.0
7.96e-07	0.0	0.0	0.0
7.962e-07	0.0	0.0	0.0
7.964e-07	0.0	0.0	0.0
7.966e-07	0.0	0.0	0.0
7.968e-07	0.0	0.0	0.0
7.97e-07	0.0	0.0	0.0
7.972e-07	0.0	0.0	0.0
7.974e-07	0.0	0.0	0.0
7.976e-07	0.0	0.0	0.0
7.978e-07	0.0	0.0	0.0
7.98e-07	0.0	0.0	0.0
7.982e-07	0.0	0.0	0.0
7.984e-07	0.0	0.0	0.0
7.986e-07	0.0	0.0	0.0
7.988e-07	0.0	0.0	0.0
7.99e-07	0.0	0.0	0.0
7.992e-07	0.0	0.0	0.0
7.994e-07	0.0	0.0	0.0
7.996e-07	0.0	0.0	0.0
7.998e-07	0.0	0.0	0.0
8e-07	0.0	0.0	0.0
8.002e-07	0.0	0.0	0.0
8.004e-07	0.0	0.0	0.0
8.006e-07	0.0	0.0	0.0
8.008e-07	0.0	0.0	0.0
8.01e-07	0.0	0.0	0.0
8.012e-07	0.0	0.0	0.0
8.014e-07	0.0	0.0	0.0
8.016e-07	0.0	0.0	0.0
8.018e-07	0.0	0.0	0.0
8.02e-07	0.0	0.0	0.0
8.022e-07	0.0	0.0	0.0
8.024e-07	0.0	0.0	0.0
8.026e-07	0.0	0.0	0.0
8.028e-07	0.0	0.0	0.0
8.03e-07	0.0	0.0	0.0
8.032e-07	0.0	0.0	0.0
8.034e-07	0.0	0.0	0.0
8.036e-07	0.0	0.0	0.0
8.038e-07	0.0	0.0	0.0
8.04e-07	0.0	0.0	0.0
8.042e-07	0.0	0.0	0.0
8.044e-07	0.0	0.0	0.0
8.046e-07	0.0	0.0	0.0
8.048e-07	0.0	0.0	0.0
8.05e-07	0.0	0.0	0.0
8.052e-07	0.0	0.0	0.0
8.054e-07	0.0	0.0	0.0
8.056e-07	0.0	0.0	0.0
8.058e-07	0.0	0.0	0.0
8.06e-07	0.0	0.0	0.0
8.062e-07	0.0	0.0	0.0
8.064e-07	0.0	0.0	0.0
8.066e-07	0.0	0.0	0.0
8.068e-07	0.0	0.0	0.0
8.07e-07	0.0	0.0	0.0
8.072e-07	0.0	0.0	0.0
8.074e-07	0.0	0.0	0.0
8.076e-07	0.0	0.0	0.0
8.078e-07	0.0	0.0	0.0
8.08e-07	0.0	0.0	0.0
8.082e-07	0.0	0.0	0.0
8.084e-07	0.0	0.0	0.0
8.086e-07	0.0	0.0	0.0
8.088e-07	0.0	0.0	0.0
8.09e-07	0.0	0.0	0.0
8.092e-07	0.0	0.0	0.0
8.094e-07	0.0	0.0	0.0
8.096e-07	0.0	0.0	0.0
8.098e-07	0.0	0.0	0.0
8.1e-07	0.0	0.0	0.0
8.102e-07	0.0	0.0	0.0
8.104e-07	0.0	0.0	0.0
8.106e-07	0.0	0.0	0.0
8.108e-07	0.0	0.0	0.0
8.11e-07	0.0	0.0	0.0
8.112e-07	0.0	0.0	0.0
8.114e-07	0.0	0.0	0.0
8.116e-07	0.0	0.0	0.0
8.118e-07	0.0	0.0	0.0
8.12e-07	0.0	0.0	0.0
8.122e-07	0.0	0.0	0.0
8.124e-07	0.0	0.0	0.0
8.126e-07	0.0	0.0	0.0
8.128e-07	0.0	0.0	0.0
8.13e-07	0.0	0.0	0.0
8.132e-07	0.0	0.0	0.0
8.134e-07	0.0	0.0	0.0
8.136e-07	0.0	0.0	0.0
8.138e-07	0.0	0.0	0.0
8.14e-07	0.0	0.0	0.0
8.142e-07	0.0	0.0	0.0
8.144e-07	0.0	0.0	0.0
8.146e-07	0.0	0.0	0.0
8.148e-07	0.0	0.0	0.0
8.15e-07	0.0	0.0	0.0
8.152e-07	0.0	0.0	0.0
8.154e-07	0.0	0.0	0.0
8.156e-07	0.0	0.0	0.0
8.158e-07	0.0	0.0	0.0
8.16e-07	0.0	0.0	0.0
8.162e-07	0.0	0.0	0.0
8.164e-07	0.0	0.0	0.0
8.166e-07	0.0	0.0	0.0
8.168e-07	0.0	0.0	0.0
8.17e-07	0.0	0.0	0.0
8.172e-07	0.0	0.0	0.0
8.174e-07	0.0	0.0	0.0
8.176e-07	0.0	0.0	0.0
8.178e-07	0.0	0.0	0.0
8.18e-07	0.0	0.0	0.0
8.182e-07	0.0	0.0	0.0
8.184e-07	0.0	0.0	0.0
8.186e-07	0.0	0.0	0.0
8.188e-07	0.0	0.0	0.0
8.19e-07	0.0	0.0	0.0
8.192e-07	0.0	0.0	0.0
8.194e-07	0.0	0.0	0.0
8.196e-07	0.0	0.0	0.0
8.198e-07	0.0	0.0	0.0
8.2e-07	0.0	0.0	0.0
8.202e-07	0.0	0.0	0.0
8.204e-07	0.0	0.0	0.0
8.206e-07	0.0	0.0	0.0
8.208e-07	0.0	0.0	0.0
8.21e-07	0.0	0.0	0.0
8.212e-07	0.0	0.0	0.0
8.214e-07	0.0	0.0	0.0
8.216e-07	0.0	0.0	0.0
8.218e-07	0.0	0.0	0.0
8.22e-07	0.0	0.0	0.0
8.222e-07	0.0	0.0	0.0
8.224e-07	0.0	0.0	0.0
8.226e-07	0.0	0.0	0.0
8.228e-07	0.0	0.0	0.0
8.23e-07	0.0	0.0	0.0
8.232e-07	0.0	0.0	0.0
8.234e-07	0.0	0.0	0.0
8.236e-07	0.0	0.0	0.0
8.238e-07	0.0	0.0	0.0
8.24e-07	0.0	0.0	0.0
8.242e-07	0.0	0.0	0.0
8.244e-07	0.0	0.0	0.0
8.246e-07	0.0	0.0	0.0
8.248e-07	0.0	0.0	0.0
8.25e-07	0.0	0.0	0.0
8.252e-07	0.0	0.0	0.0
8.254e-07	0.0	0.0	0.0
8.256e-07	0.0	0.0	0.0
8.258e-07	0.0	0.0	0.0
8.26e-07	0.0	0.0	0.0
8.262e-07	0.0	0.0	0.0
8.264e-07	0.0	0.0	0.0
8.266e-07	0.0	0.0	0.0
8.268e-07	0.0	0.0	0.0
8.27e-07	0.0	0.0	0.0
8.272e-07	0.0	0.0	0.0
8.274e-07	0.0	0.0	0.0
8.276e-07	0.0	0.0	0.0
8.278e-07	0.0	0.0	0.0
8.28e-07	0.0	0.0	0.0
8.282e-07	0.0	0.0	0.0
8.284e-07	0.0	0.0	0.0
8.286e-07	0.0	0.0	0.0
8.288e-07	0.0	0.0	0.0
8.29e-07	0.0	0.0	0.0
8.292e-07	0.0	0.0	0.0
8.294e-07	0.0	0.0	0.0
8.296e-07	0.0	0.0	0.0
8.298e-07	0.0	0.0	0.0
8.3e-07	0.0	0.0	0.0
8.302e-07	0.0	0.0	0.0
8.304e-07	0.0	0.0	0.0
8.306e-07	0.0	0.0	0.0
8.308e-07	0.0	0.0	0.0
8.31e-07	0.0	0.0	0.0
8.312e-07	0.0	0.0	0.0
8.314e-07	0.0	0.0	0.0
8.316e-07	0.0	0.0	0.0
8.318e-07	0.0	0.0	0.0
8.32e-07	0.0	0.0	0.0
8.322e-07	0.0	0.0	0.0
8.324e-07	0.0	0.0	0.0
8.326e-07	0.0	0.0	0.0
8.328e-07	0.0	0.0	0.0
8.33e-07	0.0	0.0	0.0
8.332e-07	0.0	0.0	0.0
8.334e-07	0.0	0.0	0.0
8.336e-07	0.0	0.0	0.0
8.338e-07	0.0	0.0	0.0
8.34e-07	0.0	0.0	0.0
8.342e-07	0.0	0.0	0.0
8.344e-07	0.0	0.0	0.0
8.346e-07	0.0	0.0	0.0
8.348e-07	0.0	0.0	0.0
8.35e-07	0.0	0.0	0.0
8.352e-07	0.0	0.0	0.0
8.354e-07	0.0	0.0	0.0
8.356e-07	0.0	0.0	0.0
8.358e-07	0.0	0.0	0.0
8.36e-07	0.0	0.0	0.0
8.362e-07	0.0	0.0	0.0
8.364e-07	0.0	0.0	0.0
8.366e-07	0.0	0.0	0.0
8.368e-07	0.0	0.0	0.0
8.37e-07	0.0	0.0	0.0
8.372e-07	0.0	0.0	0.0
8.374e-07	0.0	0.0	0.0
8.376e-07	0.0	0.0	0.0
8.378e-07	0.0	0.0	0.0
8.38e-07	0.0	0.0	0.0
8.382e-07	0.0	0.0	0.0
8.384e-07	0.0	0.0	0.0
8.386e-07	0.0	0.0	0.0
8.388e-07	0.0	0.0	0.0
8.39e-07	0.0	0.0	0.0
8.392e-07	0.0	0.0	0.0
8.394e-07	0.0	0.0	0.0
8.396e-07	0.0	0.0	0.0
8.398e-07	0.0	0.0	0.0
8.4e-07	0.0	0.0	0.0
8.402e-07	0.0	0.0	0.0
8.404e-07	0.0	0.0	0.0
8.406e-07	0.0	0.0	0.0
8.408e-07	0.0	0.0	0.0
8.41e-07	0.0	0.0	0.0
8.412e-07	0.0	0.0	0.0
8.414e-07	0.0	0.0	0.0
8.416e-07	0.0	0.0	0.0
8.418e-07	0.0	0.0	0.0
8.42e-07	0.0	0.0	0.0
8.422e-07	0.0	0.0	0.0
8.424e-07	0.0	0.0	0.0
8.426e-07	0.0	0.0	0.0
8.428e-07	0.0	0.0	0.0
8.43e-07	0.0	0.0	0.0
8.432e-07	0.0	0.0	0.0
8.434e-07	0.0	0.0	0.0
8.436e-07	0.0	0.0	0.0
8.438e-07	0.0	0.0	0.0
8.44e-07	0.0	0.0	0.0
8.442e-07	0.0	0.0	0.0
8.444e-07	0.0	0.0	0.0
8.446e-07	0.0	0.0	0.0
8.448e-07	0.0	0.0	0.0
8.45e-07	0.0	0.0	0.0
8.452e-07	0.0	0.0	0.0
8.454e-07	0.0	0.0	0.0
8.456e-07	0.0	0.0	0.0
8.458e-07	0.0	0.0	0.0
8.46e-07	0.0	0.0	0.0
8.462e-07	0.0	0.0	0.0
8.464e-07	0.0	0.0	0.0
8.466e-07	0.0	0.0	0.0
8.468e-07	0.0	0.0	0.0
8.47e-07	0.0	0.0	0.0
8.472e-07	0.0	0.0	0.0
8.474e-07	0.0	0.0	0.0
8.476e-07	0.0	0.0	0.0
8.478e-07	0.0	0.0	0.0
8.48e-07	0.0	0.0	0.0
8.482e-07	0.0	0.0	0.0
8.484e-07	0.0	0.0	0.0
8.486e-07	0.0	0.0	0.0
8.488e-07	0.0	0.0	0.0
8.49e-07	0.0	0.0	0.0
8.492e-07	0.0	0.0	0.0
8.494e-07	0.0	0.0	0.0
8.496e-07	0.0	0.0	0.0
8.498e-07	0.0	0.0	0.0
8.5e-07	0.0	0.0	0.0
8.502e-07	0.0	0.0	0.0
8.504e-07	0.0	0.0	0.0
8.506e-07	0.0	0.0	0.0
8.508e-07	0.0	0.0	0.0
8.51e-07	0.0	0.0	0.0
8.512e-07	0.0	0.0	0.0
8.514e-07	0.0	0.0	0.0
8.516e-07	0.0	0.0	0.0
8.518e-07	0.0	0.0	0.0
8.52e-07	0.0	0.0	0.0
8.522e-07	0.0	0.0	0.0
8.524e-07	0.0	0.0	0.0
8.526e-07	0.0	0.0	0.0
8.528e-07	0.0	0.0	0.0
8.53e-07	0.0	0.0	0.0
8.532e-07	0.0	0.0	0.0
8.534e-07	0.0	0.0	0.0
8.536e-07	0.0	0.0	0.0
8.538e-07	0.0	0.0	0.0
8.54e-07	0.0	0.0	0.0
8.542e-07	0.0	0.0	0.0
8.544e-07	0.0	0.0	0.0
8.546e-07	0.0	0.0	0.0
8.548e-07	0.0	0.0	0.0
8.55e-07	0.0	0.0	0.0
8.552e-07	0.0	0.0	0.0
8.554e-07	0.0	0.0	0.0
8.556e-07	0.0	0.0	0.0
8.558e-07	0.0	0.0	0.0
8.56e-07	0.0	0.0	0.0
8.562e-07	0.0	0.0	0.0
8.564e-07	0.0	0.0	0.0
8.566e-07	0.0	0.0	0.0
8.568e-07	0.0	0.0	0.0
8.57e-07	0.0	0.0	0.0
8.572e-07	0.0	0.0	0.0
8.574e-07	0.0	0.0	0.0
8.576e-07	0.0	0.0	0.0
8.578e-07	0.0	0.0	0.0
8.58e-07	0.0	0.0	0.0
8.582e-07	0.0	0.0	0.0
8.584e-07	0.0	0.0	0.0
8.586e-07	0.0	0.0	0.0
8.588e-07	0.0	0.0	0.0
8.59e-07	0.0	0.0	0.0
8.592e-07	0.0	0.0	0.0
8.594e-07	0.0	0.0	0.0
8.596e-07	0.0	0.0	0.0
8.598e-07	0.0	0.0	0.0
8.6e-07	0.0	0.0	0.0
8.602e-07	0.0	0.0	0.0
8.604e-07	0.0	0.0	0.0
8.606e-07	0.0	0.0	0.0
8.608e-07	0.0	0.0	0.0
8.61e-07	0.0	0.0	0.0
8.612e-07	0.0	0.0	0.0
8.614e-07	0.0	0.0	0.0
8.616e-07	0.0	0.0	0.0
8.618e-07	0.0	0.0	0.0
8.62e-07	0.0	0.0	0.0
8.622e-07	0.0	0.0	0.0
8.624e-07	0.0	0.0	0.0
8.626e-07	0.0	0.0	0.0
8.628e-07	0.0	0.0	0.0
8.63e-07	0.0	0.0	0.0
8.632e-07	0.0	0.0	0.0
8.634e-07	0.0	0.0	0.0
8.636e-07	0.0	0.0	0.0
8.638e-07	0.0	0.0	0.0
8.64e-07	0.0	0.0	0.0
8.642e-07	0.0	0.0	0.0
8.644e-07	0.0	0.0	0.0
8.646e-07	0.0	0.0	0.0
8.648e-07	0.0	0.0	0.0
8.65e-07	0.0	0.0	0.0
8.652e-07	0.0	0.0	0.0
8.654e-07	0.0	0.0	0.0
8.656e-07	0.0	0.0	0.0
8.658e-07	0.0	0.0	0.0
8.66e-07	0.0	0.0	0.0
8.662e-07	0.0	0.0	0.0
8.664e-07	0.0	0.0	0.0
8.666e-07	0.0	0.0	0.0
8.668e-07	0.0	0.0	0.0
8.67e-07	0.0	0.0	0.0
8.672e-07	0.0	0.0	0.0
8.674e-07	0.0	0.0	0.0
8.676e-07	0.0	0.0	0.0
8.678e-07	0.0	0.0	0.0
8.68e-07	0.0	0.0	0.0
8.682e-07	0.0	0.0	0.0
8.684e-07	0.0	0.0	0.0
8.686e-07	0.0	0.0	0.0
8.688e-07	0.0	0.0	0.0
8.69e-07	0.0	0.0	0.0
8.692e-07	0.0	0.0	0.0
8.694e-07	0.0	0.0	0.0
8.696e-07	0.0	0.0	0.0
8.698e-07	0.0	0.0	0.0
8.7e-07	0.0	0.0	0.0
8.702e-07	0.0	0.0	0.0
8.704e-07	0.0	0.0	0.0
8.706e-07	0.0	0.0	0.0
8.708e-07	0.0	0.0	0.0
8.71e-07	0.0	0.0	0.0
8.712e-07	0.0	0.0	0.0
8.714e-07	0.0	0.0	0.0
8.716e-07	0.0	0.0	0.0
8.718e-07	0.0	0.0	0.0
8.72e-07	0.0	0.0	0.0
8.722e-07	0.0	0.0	0.0
8.724e-07	0.0	0.0	0.0
8.726e-07	0.0	0.0	0.0
8.728e-07	0.0	0.0	0.0
8.73e-07	0.0	0.0	0.0
8.732e-07	0.0	0.0	0.0
8.734e-07	0.0	0.0	0.0
8.736e-07	0.0	0.0	0.0
8.738e-07	0.0	0.0	0.0
8.74e-07	0.0	0.0	0.0
8.742e-07	0.0	0.0	0.0
8.744e-07	0.0	0.0	0.0
8.746e-07	0.0	0.0	0.0
8.748e-07	0.0	0.0	0.0
8.75e-07	0.0	0.0	0.0
8.752e-07	0.0	0.0	0.0
8.754e-07	0.0	0.0	0.0
8.756e-07	0.0	0.0	0.0
8.758e-07	0.0	0.0	0.0
8.76e-07	0.0	0.0	0.0
8.762e-07	0.0	0.0	0.0
8.764e-07	0.0	0.0	0.0
8.766e-07	0.0	0.0	0.0
8.768e-07	0.0	0.0	0.0
8.77e-07	0.0	0.0	0.0
8.772e-07	0.0	0.0	0.0
8.774e-07	0.0	0.0	0.0
8.776e-07	0.0	0.0	0.0
8.778e-07	0.0	0.0	0.0
8.78e-07	0.0	0.0	0.0
8.782e-07	0.0	0.0	0.0
8.784e-07	0.0	0.0	0.0
8.786e-07	0.0	0.0	0.0
8.788e-07	0.0	0.0	0.0
8.79e-07	0.0	0.0	0.0
8.792e-07	0.0	0.0	0.0
8.794e-07	0.0	0.0	0.0
8.796e-07	0.0	0.0	0.0
8.798e-07	0.0	0.0	0.0
8.8e-07	0.0	0.0	0.0
8.802e-07	0.0	0.0	0.0
8.804e-07	0.0	0.0	0.0
8.806e-07	0.0	0.0	0.0
8.808e-07	0.0	0.0	0.0
8.81e-07	0.0	0.0	0.0
8.812e-07	0.0	0.0	0.0
8.814e-07	0.0	0.0	0.0
8.816e-07	0.0	0.0	0.0
8.818e-07	0.0	0.0	0.0
8.82e-07	0.0	0.0	0.0
8.822e-07	0.0	0.0	0.0
8.824e-07	0.0	0.0	0.0
8.826e-07	0.0	0.0	0.0
8.828e-07	0.0	0.0	0.0
8.83e-07	0.0	0.0	0.0
8.832e-07	0.0	0.0	0.0
8.834e-07	0.0	0.0	0.0
8.836e-07	0.0	0.0	0.0
8.838e-07	0.0	0.0	0.0
8.84e-07	0.0	0.0	0.0
8.842e-07	0.0	0.0	0.0
8.844e-07	0.0	0.0	0.0
8.846e-07	0.0	0.0	0.0
8.848e-07	0.0	0.0	0.0
8.85e-07	0.0	0.0	0.0
8.852e-07	0.0	0.0	0.0
8.854e-07	0.0	0.0	0.0
8.856e-07	0.0	0.0	0.0
8.858e-07	0.0	0.0	0.0
8.86e-07	0.0	0.0	0.0
8.862e-07	0.0	0.0	0.0
8.864e-07	0.0	0.0	0.0
8.866e-07	0.0	0.0	0.0
8.868e-07	0.0	0.0	0.0
8.87e-07	0.0	0.0	0.0
8.872e-07	0.0	0.0	0.0
8.874e-07	0.0	0.0	0.0
8.876e-07	0.0	0.0	0.0
8.878e-07	0.0	0.0	0.0
8.88e-07	0.0	0.0	0.0
8.882e-07	0.0	0.0	0.0
8.884e-07	0.0	0.0	0.0
8.886e-07	0.0	0.0	0.0
8.888e-07	0.0	0.0	0.0
8.89e-07	0.0	0.0	0.0
8.892e-07	0.0	0.0	0.0
8.894e-07	0.0	0.0	0.0
8.896e-07	0.0	0.0	0.0
8.898e-07	0.0	0.0	0.0
8.9e-07	0.0	0.0	0.0
8.902e-07	0.0	0.0	0.0
8.904e-07	0.0	0.0	0.0
8.906e-07	0.0	0.0	0.0
8.908e-07	0.0	0.0	0.0
8.91e-07	0.0	0.0	0.0
8.912e-07	0.0	0.0	0.0
8.914e-07	0.0	0.0	0.0
8.916e-07	0.0	0.0	0.0
8.918e-07	0.0	0.0	0.0
8.92e-07	0.0	0.0	0.0
8.922e-07	0.0	0.0	0.0
8.924e-07	0.0	0.0	0.0
8.926e-07	0.0	0.0	0.0
8.928e-07	0.0	0.0	0.0
8.93e-07	0.0	0.0	0.0
8.932e-07	0.0	0.0	0.0
8.934e-07	0.0	0.0	0.0
8.936e-07	0.0	0.0	0.0
8.938e-07	0.0	0.0	0.0
8.94e-07	0.0	0.0	0.0
