4.674e-07	0.0	0.0	0.0
4.676e-07	0.0	0.0	0.0
4.678e-07	0.0	0.0	0.0
4.68e-07	0.0	0.0	0.0
4.682e-07	0.0	0.0	0.0
4.684e-07	0.0	0.0	0.0
4.686e-07	0.0	0.0	0.0
4.688e-07	0.0	0.0	0.0
4.69e-07	0.0	0.0	0.0
4.692e-07	0.0	0.0	0.0
4.694e-07	0.0	0.0	0.0
4.696e-07	0.0	0.0	0.0
4.698e-07	0.0	0.0	0.0
4.7e-07	0.0	0.0	0.0
4.702e-07	0.0	0.0	0.0
4.704e-07	0.0	0.0	0.0
4.706e-07	0.0	0.0	0.0
4.708e-07	0.0	0.0	0.0
4.71e-07	0.0	0.0	0.0
4.712e-07	0.0	0.0	0.0
4.714e-07	0.0	0.0	0.0
4.716e-07	0.0	0.0	0.0
4.718e-07	0.0	0.0	0.0
4.72e-07	0.0	0.0	0.0
4.722e-07	0.0	0.0	0.0
4.724e-07	0.0	0.0	0.0
4.726e-07	0.0	0.0	0.0
4.728e-07	0.0	0.0	0.0
4.73e-07	0.0	0.0	0.0
4.732e-07	0.0	0.0	0.0
4.734e-07	0.0	0.0	0.0
4.736e-07	0.0	0.0	0.0
4.738e-07	0.0	0.0	0.0
4.74e-07	0.0	0.0	0.0
4.742e-07	0.0	0.0	0.0
4.744e-07	0.0	0.0	0.0
4.746e-07	0.0	0.0	0.0
4.748e-07	0.0	0.0	0.0
4.75e-07	0.0	0.0	0.0
4.752e-07	0.0	0.0	0.0
4.754e-07	0.0	0.0	0.0
4.756e-07	0.0	0.0	0.0
4.758e-07	0.0	0.0	0.0
4.76e-07	0.0	0.0	0.0
4.762e-07	0.0	0.0	0.0
4.764e-07	0.0	0.0	0.0
4.766e-07	0.0	0.0	0.0
4.768e-07	0.0	0.0	0.0
4.77e-07	0.0	0.0	0.0
4.772e-07	0.0	0.0	0.0
4.774e-07	0.0	0.0	0.0
4.776e-07	0.0	0.0	0.0
4.778e-07	0.0	0.0	0.0
4.78e-07	0.0	0.0	0.0
4.782e-07	0.0	0.0	0.0
4.784e-07	0.0	0.0	0.0
4.786e-07	0.0	0.0	0.0
4.788e-07	0.0	0.0	0.0
4.79e-07	0.0	0.0	0.0
4.792e-07	0.0	0.0	0.0
4.794e-07	0.0	0.0	0.0
4.796e-07	0.0	0.0	0.0
4.798e-07	0.0	0.0	0.0
4.8e-07	0.0	0.0	0.0
4.802e-07	0.0	0.0	0.0
4.804e-07	0.0	0.0	0.0
4.806e-07	0.0	0.0	0.0
4.808e-07	0.0	0.0	0.0
4.81e-07	0.0	0.0	0.0
4.812e-07	0.0	0.0	0.0
4.814e-07	0.0	0.0	0.0
4.816e-07	0.0	0.0	0.0
4.818e-07	0.0	0.0	0.0
4.82e-07	0.0	0.0	0.0
4.822e-07	0.0	0.0	0.0
4.824e-07	0.0	0.0	0.0
4.826e-07	0.0	0.0	0.0
4.828e-07	0.0	0.0	0.0
4.83e-07	0.0	0.0	0.0
4.832e-07	0.0	0.0	0.0
4.834e-07	0.0	0.0	0.0
4.836e-07	0.0	0.0	0.0
4.838e-07	0.0	0.0	0.0
4.84e-07	0.0	0.0	0.0
4.842e-07	0.0	0.0	0.0
4.844e-07	0.0	0.0	0.0
4.846e-07	0.0	0.0	0.0
4.848e-07	0.0	0.0	0.0
4.85e-07	0.0	0.0	0.0
4.852e-07	0.0	0.0	0.0
4.854e-07	0.0	0.0	0.0
4.856e-07	0.0	0.0	0.0
4.858e-07	0.0	0.0	0.0
4.86e-07	0.0	0.0	0.0
4.862e-07	0.0	0.0	0.0
4.864e-07	0.0	0.0	0.0
4.866e-07	0.0	0.0	0.0
4.868e-07	0.0	0.0	0.0
4.87e-07	0.0	0.0	0.0
4.872e-07	0.0	0.0	0.0
4.874e-07	9.1802125423e-17	-1.26991352228e-16	-1.00736131409e-18
4.876e-07	-2.91935356092e-16	1.92594747877e-16	4.9249814072e-18
4.878e-07	1.04644218506e-16	1.12840989956e-16	2.22602551382e-19
4.88e-07	2.8040112349e-16	-1.4018091534e-14	-3.60457727239e-17
4.882e-07	-4.0566207829e-16	1.3821057452e-14	5.06637205433e-17
4.884e-07	2.28767966564e-16	-1.49369236383e-16	-1.90078150443e-19
4.886e-07	-1.90187835493e-16	1.58832072607e-16	4.53702437641e-18
4.888e-07	-9.84637237735e-18	4.97956614566e-16	2.22182386915e-17
4.89e-07	-5.61239896052e-17	-6.77987683643e-16	-2.42463072246e-18
4.892e-07	1.19140942876e-14	5.48460568388e-15	9.67425458832e-17
4.894e-07	-1.20908900107e-14	-4.92789175874e-15	-8.68312045562e-17
4.896e-07	9.7067706712e-17	-2.86898199008e-16	-1.50908962951e-18
4.898e-07	2.55902300553e-17	-5.36870655699e-17	6.10212874665e-18
4.9e-07	-2.40807433234e-16	-5.02636237173e-17	7.50882527872e-18
4.902e-07	1.3153205754e-15	6.10810623965e-17	1.13235406158e-17
4.904e-07	5.27022648542e-15	9.05237987628e-15	7.36020274433e-17
4.906e-07	-5.84029069134e-15	-7.07176255481e-15	1.82616175417e-17
4.908e-07	1.24566132869e-14	-7.03804257064e-16	7.44309565756e-17
4.91e-07	-1.24339641421e-14	-1.84283611467e-15	-3.64043176737e-17
4.912e-07	-3.7762079499e-16	3.07134266818e-15	1.90882637104e-17
4.914e-07	-4.84698158381e-15	3.82299646221e-15	3.36035278312e-17
4.916e-07	1.46129366265e-14	7.52292669431e-15	-4.27588715434e-17
4.918e-07	-1.16590106148e-14	-1.27397058464e-14	1.30760787308e-16
4.92e-07	-6.36591808944e-16	-3.58817024576e-16	-8.32906150684e-18
4.922e-07	-1.01438106627e-14	9.69285515485e-15	1.03451416565e-16
4.924e-07	2.84033105914e-14	1.04349095521e-15	-8.19409472012e-17
4.926e-07	-4.63064361816e-16	-1.64463364913e-14	1.33185024458e-18
4.928e-07	-1.57307281097e-14	6.29862240907e-15	1.26454378024e-17
4.93e-07	1.22587233564e-15	1.05612102761e-15	-5.42444895925e-18
4.932e-07	-1.87984965657e-14	2.18480843628e-14	7.49861064063e-16
4.934e-07	2.86058064615e-14	-2.04125839912e-14	-6.82123952901e-16
4.936e-07	-4.37140089685e-15	-5.32857452405e-15	-3.59821585125e-17
4.938e-07	2.35692600248e-15	4.79327024461e-15	8.93322286753e-17
4.94e-07	-2.36891355183e-14	1.15789317116e-15	-7.60801319211e-17
4.942e-07	1.66355136296e-14	-1.39182241886e-14	4.75573055794e-17
4.944e-07	-2.73348631692e-15	-1.24091503294e-15	5.17081969911e-17
4.946e-07	-2.85023610974e-14	-9.95267298892e-15	3.10054488117e-16
4.948e-07	1.91291969042e-14	3.29315530968e-14	-1.42615098714e-16
4.95e-07	-1.74762833363e-15	-5.14401465463e-14	-3.92135586593e-16
4.952e-07	2.45283346391e-14	3.40286761787e-14	1.1276269353e-16
4.954e-07	-1.64193534026e-14	1.12251449974e-14	2.43469789962e-16
4.956e-07	-1.9541662737e-16	-3.05535682352e-15	-2.68727880496e-17
4.958e-07	-3.27933795342e-14	-1.87318076088e-14	3.20837430579e-16
4.96e-07	4.7624315601e-14	3.43791203166e-14	-1.77639883172e-16
4.962e-07	1.83604806839e-15	-1.90644150069e-14	-3.36552017656e-16
4.964e-07	2.1539901688e-14	-2.80407145417e-14	1.47719299649e-16
4.966e-07	-3.43395284504e-14	1.73842090955e-14	5.15269779352e-16
4.968e-07	9.61890980927e-15	2.59888048743e-14	3.75320364841e-17
4.97e-07	6.0914648138e-15	-1.64606888368e-14	2.73730748534e-18
4.972e-07	1.86478950863e-15	4.98090642627e-16	-2.5538224035e-16
4.974e-07	2.90810324414e-14	8.35727572313e-15	-7.07914745027e-16
4.976e-07	-9.92228858976e-14	-4.11190813953e-14	9.9825847718e-16
4.978e-07	5.50651928475e-14	6.06464943725e-14	3.19150148293e-16
4.98e-07	5.56116332423e-14	-7.91976663316e-14	1.48006536948e-16
4.982e-07	-7.82033109929e-14	5.74082267233e-14	7.97149351979e-17
4.984e-07	1.72298975208e-14	-1.61986910239e-14	2.75129639293e-16
4.986e-07	3.61523850924e-15	-2.62905600026e-14	-9.33705431476e-16
4.988e-07	-1.58750308982e-15	4.25922186411e-15	1.37475737547e-15
4.99e-07	4.53004722547e-14	6.05389293689e-15	-3.24863411769e-16
4.992e-07	-6.30402396177e-15	1.41351572757e-14	6.96583820117e-16
4.994e-07	-6.9941516378e-14	4.45169196084e-15	4.31409816991e-16
4.996e-07	1.16034215094e-13	-3.0873690796e-14	-9.51346166694e-16
4.998e-07	-1.15817532048e-13	9.96295979854e-14	3.54145145009e-16
5e-07	5.38029429673e-14	-7.79607142098e-14	4.32256862863e-16
5.002e-07	4.43416235474e-15	6.55495691853e-14	-8.51838078098e-17
5.004e-07	6.46442551283e-14	-9.40943735976e-15	-8.37007362513e-17
5.006e-07	-1.50047780204e-13	-1.53059939429e-14	1.06346084849e-15
5.008e-07	5.43435533652e-14	-9.98770959965e-14	5.06459244275e-16
5.01e-07	5.08495944755e-14	-5.03536708215e-14	-9.72431279689e-16
5.012e-07	1.17465754251e-13	1.14325327317e-13	1.4329788007e-15
5.014e-07	-8.57166900686e-14	2.70286440984e-15	7.21339568729e-16
5.016e-07	-1.87792226076e-13	1.53418030655e-13	7.57754554359e-16
5.018e-07	1.41935883837e-13	-2.00988900459e-13	4.24460775464e-16
5.02e-07	-6.57308144246e-14	1.43208368892e-13	1.2511938872e-15
5.022e-07	-8.90118000777e-14	-6.40202130672e-14	4.3169396621e-16
5.024e-07	2.0233790805e-13	-6.1740572443e-14	4.44617301977e-17
5.026e-07	-2.46272967767e-14	1.77762993129e-13	-4.1099561042e-16
5.028e-07	-4.98879934798e-14	-1.25659982167e-13	7.95398248611e-16
5.03e-07	2.13562267603e-14	-1.11659980615e-14	1.3736635757e-15
5.032e-07	-1.2025495153e-13	-1.13409544932e-13	2.08947783784e-15
5.034e-07	6.58947734606e-14	1.7674035418e-14	-7.1912941043e-16
5.036e-07	6.87882930571e-14	1.75716614813e-14	1.21010925696e-15
5.038e-07	-6.38761120838e-14	-7.03654057435e-14	2.6270620341e-15
5.04e-07	1.92217301194e-13	1.42613444168e-13	-1.52456712574e-15
5.042e-07	-1.68204613612e-13	7.58848015143e-14	1.62505023759e-15
5.044e-07	1.79228877499e-13	-1.65179414922e-13	1.28494374911e-15
5.046e-07	-3.0810184122e-13	2.58001706365e-13	1.42796716276e-15
5.048e-07	7.78314446763e-14	-1.28254646781e-13	3.20326801719e-15
5.05e-07	-1.11179492772e-13	7.27791378875e-14	-5.79199399553e-17
5.052e-07	2.32117926156e-13	-2.22027571935e-13	6.11820588512e-16
5.054e-07	1.21895873176e-14	3.05094152064e-13	2.00619951088e-15
5.056e-07	-2.61292539143e-13	-2.4796752644e-14	2.47361363926e-15
5.058e-07	1.9221709675e-13	-2.9526342979e-13	2.93828660516e-15
5.06e-07	-9.00001928164e-14	1.05636705943e-13	-9.03635196947e-17
5.062e-07	7.86050913983e-14	5.2531245292e-14	4.57142150257e-15
5.064e-07	2.39318482616e-13	2.33334461552e-14	-1.41922122751e-15
5.066e-07	-1.5866200362e-13	-1.1827927054e-13	3.67236598991e-15
5.068e-07	-1.07283840677e-13	1.14413057113e-13	2.97607366127e-15
5.07e-07	3.826010392e-13	1.99420148887e-13	3.55909294566e-15
5.072e-07	-1.98552675725e-13	-6.78458238189e-14	3.06440695565e-16
5.074e-07	-1.74100944422e-13	-2.91432192291e-13	5.54419850125e-15
5.076e-07	-1.15360541071e-14	4.34247545727e-14	2.89799058118e-15
5.078e-07	5.20811512313e-14	4.93370976584e-14	1.86843689684e-15
5.08e-07	3.24641449459e-14	2.79579493595e-13	3.4473055559e-15
5.082e-07	-1.66389339474e-13	-4.51696664651e-13	4.79744961776e-15
5.084e-07	4.71827901051e-14	2.69802517529e-13	2.68712680942e-15
5.086e-07	1.69910512988e-13	-3.21593514086e-14	3.17330978781e-15
5.088e-07	-3.43401934611e-13	-6.9882633397e-14	5.97999999049e-15
5.09e-07	3.73217922907e-13	5.11612932868e-15	-2.08653591185e-15
5.092e-07	-3.20458855264e-13	-1.63671697923e-13	3.85532711707e-15
5.094e-07	3.61429848232e-13	6.92696732021e-14	6.18149331455e-15
5.096e-07	-1.96316855688e-14	3.88445345576e-14	3.67669491969e-15
5.098e-07	-2.62091196649e-13	6.87876561021e-14	3.54476259496e-15
5.1e-07	2.08721789267e-13	2.7254165715e-13	2.28706761081e-15
5.102e-07	-3.76312337104e-13	-3.477877304e-13	4.83657701626e-15
5.104e-07	1.66923612286e-13	-1.15436671319e-13	3.74604874473e-15
5.106e-07	1.44947622938e-13	4.56581230959e-13	2.21101521485e-15
5.108e-07	-1.31399979547e-13	-4.73315703739e-13	2.09653566679e-15
5.11e-07	4.12881703322e-13	2.84938730781e-13	2.84397793616e-15
5.112e-07	-1.03469690622e-13	-5.5563444922e-14	3.94629936598e-15
5.114e-07	2.65499260068e-14	2.70585689413e-13	9.08629996339e-16
5.116e-07	1.26296000104e-13	-2.22789392682e-14	1.84337322224e-15
5.118e-07	-1.97925855611e-13	1.30200384638e-13	3.53790230096e-15
5.12e-07	1.53996918734e-13	-4.28789466335e-13	7.79164755085e-16
5.122e-07	-3.07939485774e-13	-1.0440098247e-13	4.00917472047e-15
5.124e-07	5.59084353116e-14	5.58526297906e-14	1.1532206141e-16
5.126e-07	-1.64809669808e-13	1.82324533573e-13	-2.04193865571e-16
5.128e-07	-3.53448190198e-14	4.66110276393e-14	3.38828710764e-15
5.13e-07	7.32559870028e-14	-1.83064507324e-13	2.50370486197e-15
5.132e-07	-1.01319902075e-14	3.55483586041e-13	2.74490420835e-15
5.134e-07	-6.37142667228e-14	3.06438895314e-13	-8.1289928353e-16
5.136e-07	3.67334277562e-14	-5.38443334145e-13	3.15105262975e-15
5.138e-07	-5.27425961003e-16	-1.45959028887e-13	1.91878574321e-15
5.14e-07	-3.52736570951e-13	4.21613739923e-14	1.28239544875e-15
5.142e-07	5.71336828403e-14	1.34254722747e-13	6.93856096944e-16
5.144e-07	-2.68590884927e-14	-4.19055886062e-14	9.36650257186e-16
5.146e-07	8.29463136231e-14	7.20372558715e-15	8.81659195693e-17
5.148e-07	-2.01940384914e-14	-1.43231063071e-13	8.49540367233e-16
5.15e-07	2.18894401967e-14	6.24116957592e-14	-6.56056554488e-17
5.152e-07	2.04939566366e-14	-2.42567776845e-14	1.33573720506e-16
5.154e-07	7.57091944101e-15	-9.31588576608e-15	1.78212409154e-16
5.156e-07	-5.39052850629e-14	-1.92586028386e-14	3.9120907153e-16
5.158e-07	1.89244884558e-14	2.37551492881e-14	8.02150298471e-17
5.16e-07	7.84197745195e-15	-1.58233671729e-14	-2.10798605577e-16
5.162e-07	6.36753241861e-14	3.7607532398e-14	6.41129366977e-16
5.164e-07	2.05357953675e-14	6.03701231757e-14	-4.5751411732e-16
5.166e-07	-3.3512334876e-14	-4.67288534874e-14	3.85517405334e-16
5.168e-07	-1.51423088086e-14	-1.41069781504e-14	1.70208681065e-16
5.17e-07	9.90939528112e-16	-2.98888656793e-15	-6.69733082338e-18
5.172e-07	-1.65858963278e-15	1.22522999713e-14	-1.25465769247e-17
5.174e-07	4.10155356623e-15	-6.15928982413e-15	2.51461091105e-17
5.176e-07	-2.38203748561e-15	3.41224779417e-15	-5.71001444036e-17
5.178e-07	1.69495934191e-15	-3.38169159419e-15	6.04522092947e-17
5.18e-07	4.95014730684e-18	8.28461450575e-18	2.00351231124e-18
5.182e-07	1.96828541759e-13	9.26254131613e-14	-6.22691968568e-16
5.184e-07	-1.73541477253e-13	-1.37919059047e-13	5.64599187942e-16
5.186e-07	-4.67652319222e-17	2.83493619538e-17	-1.01058383033e-18
5.188e-07	-2.53687953326e-15	2.04450662222e-15	-3.61346754194e-17
5.19e-07	2.59916500128e-15	-2.03971358818e-15	4.15522553596e-17
5.192e-07	4.43547266559e-15	2.4791644277e-15	-4.200274832e-17
5.194e-07	9.86897602447e-15	-1.34844471054e-14	1.20660994865e-16
5.196e-07	-1.40903658811e-14	1.10743881382e-14	-7.15887724707e-17
5.198e-07	4.33268500537e-21	6.25225181972e-20	9.31150689328e-20
5.2e-07	-2.15051939281e-19	1.1346001789e-19	2.80553121024e-20
5.202e-07	3.86154466411e-19	1.20360240922e-19	5.32361895288e-20
5.204e-07	-6.77561489179e-18	8.634246124e-18	2.12421141242e-18
5.206e-07	5.1087675315e-18	-2.73569560779e-17	6.86252015366e-19
5.208e-07	-2.08841212825e-19	3.90234589651e-19	3.60986093993e-19
5.21e-07	0.0	0.0	0.0
5.212e-07	0.0	0.0	0.0
5.214e-07	-6.42830682668e-20	-2.25827869979e-20	3.05351473827e-21
5.216e-07	-9.92446096329e-15	2.90388074539e-15	-2.87526445653e-16
5.218e-07	1.86079343972e-14	-1.94386350217e-15	-3.14487690284e-17
5.22e-07	-2.83010499503e-15	-3.86751715278e-15	1.20795334047e-16
5.222e-07	-1.39678347852e-15	-1.56177422532e-15	5.98868678611e-17
5.224e-07	-4.36387717532e-15	3.93775720715e-15	1.53709737624e-16
5.226e-07	-2.98841925772e-16	4.03409040067e-16	3.56312061049e-18
5.228e-07	2.43960386209e-15	9.99019573645e-16	-4.82852047349e-17
5.23e-07	-2.4544299551e-15	-1.00457171232e-15	4.96966677858e-17
5.232e-07	-4.34719614658e-17	-2.25015036116e-17	2.47643459697e-18
5.234e-07	-2.50198073083e-18	-8.62423746114e-18	4.59379090978e-19
5.236e-07	0.0	0.0	0.0
5.238e-07	8.02361177929e-21	-8.77920764758e-21	3.99659679317e-20
5.24e-07	0.0	0.0	0.0
5.242e-07	-1.90102617027e-20	3.14371503305e-20	1.77718424815e-20
5.244e-07	5.62699984868e-19	-2.7262049812e-19	4.25139451443e-20
5.246e-07	0.0	0.0	0.0
5.248e-07	0.0	0.0	0.0
5.25e-07	0.0	0.0	0.0
5.252e-07	0.0	0.0	0.0
5.254e-07	0.0	0.0	0.0
5.256e-07	0.0	0.0	0.0
5.258e-07	-1.65923810543e-19	-1.19166248935e-20	3.44139611641e-20
5.26e-07	9.43381977344e-21	-7.03691032664e-20	9.18579876799e-20
5.262e-07	-2.39519971692e-18	-1.06272067264e-19	2.00133278533e-19
5.264e-07	0.0	0.0	0.0
5.266e-07	0.0	0.0	0.0
5.268e-07	-9.64605907734e-21	-2.43921466397e-20	5.86911833456e-21
5.27e-07	0.0	0.0	0.0
5.272e-07	0.0	0.0	0.0
5.274e-07	0.0	0.0	0.0
5.276e-07	-4.42604253343e-20	-2.42946418435e-20	1.64367588767e-21
5.278e-07	0.0	0.0	0.0
5.28e-07	0.0	0.0	0.0
5.282e-07	0.0	0.0	0.0
5.284e-07	0.0	0.0	0.0
5.286e-07	0.0	0.0	0.0
5.288e-07	0.0	0.0	0.0
5.29e-07	0.0	0.0	0.0
5.292e-07	0.0	0.0	0.0
5.294e-07	0.0	0.0	0.0
5.296e-07	0.0	0.0	0.0
5.298e-07	0.0	0.0	0.0
5.3e-07	0.0	0.0	0.0
5.302e-07	0.0	0.0	0.0
5.304e-07	0.0	0.0	0.0
5.306e-07	0.0	0.0	0.0
5.308e-07	0.0	0.0	0.0
5.31e-07	0.0	0.0	0.0
5.312e-07	0.0	0.0	0.0
5.314e-07	0.0	0.0	0.0
5.316e-07	0.0	0.0	0.0
5.318e-07	0.0	0.0	0.0
5.32e-07	2.17961151517e-19	-6.82124534033e-20	1.317265425e-19
5.322e-07	0.0	0.0	0.0
5.324e-07	0.0	0.0	0.0
5.326e-07	0.0	0.0	0.0
5.328e-07	0.0	0.0	0.0
5.33e-07	0.0	0.0	0.0
5.332e-07	0.0	0.0	0.0
5.334e-07	0.0	0.0	0.0
5.336e-07	0.0	0.0	0.0
5.338e-07	0.0	0.0	0.0
5.34e-07	0.0	0.0	0.0
5.342e-07	0.0	0.0	0.0
5.344e-07	0.0	0.0	0.0
5.346e-07	0.0	0.0	0.0
5.348e-07	0.0	0.0	0.0
5.35e-07	0.0	0.0	0.0
5.352e-07	0.0	0.0	0.0
5.354e-07	3.11932315625e-18	3.0028175106e-19	-1.68261191273e-20
5.356e-07	0.0	0.0	0.0
5.358e-07	0.0	0.0	0.0
5.36e-07	0.0	0.0	0.0
5.362e-07	0.0	0.0	0.0
5.364e-07	0.0	0.0	0.0
5.366e-07	5.22968852675e-20	7.52387997586e-20	7.19552987654e-21
5.368e-07	0.0	0.0	0.0
5.37e-07	0.0	0.0	0.0
5.372e-07	0.0	0.0	0.0
5.374e-07	0.0	0.0	0.0
5.376e-07	0.0	0.0	0.0
5.378e-07	0.0	0.0	0.0
5.38e-07	0.0	0.0	0.0
5.382e-07	0.0	0.0	0.0
5.384e-07	0.0	0.0	0.0
5.386e-07	0.0	0.0	0.0
5.388e-07	0.0	0.0	0.0
5.39e-07	0.0	0.0	0.0
5.392e-07	0.0	0.0	0.0
5.394e-07	0.0	0.0	0.0
5.396e-07	0.0	0.0	0.0
5.398e-07	0.0	0.0	0.0
5.4e-07	0.0	0.0	0.0
5.402e-07	0.0	0.0	0.0
5.404e-07	0.0	0.0	0.0
5.406e-07	0.0	0.0	0.0
5.408e-07	0.0	0.0	0.0
5.41e-07	0.0	0.0	0.0
5.412e-07	0.0	0.0	0.0
5.414e-07	0.0	0.0	0.0
5.416e-07	0.0	0.0	0.0
5.418e-07	0.0	0.0	0.0
5.42e-07	0.0	0.0	0.0
5.422e-07	0.0	0.0	0.0
5.424e-07	0.0	0.0	0.0
5.426e-07	0.0	0.0	0.0
5.428e-07	0.0	0.0	0.0
5.43e-07	0.0	0.0	0.0
5.432e-07	0.0	0.0	0.0
5.434e-07	0.0	0.0	0.0
5.436e-07	0.0	0.0	0.0
5.438e-07	0.0	0.0	0.0
5.44e-07	0.0	0.0	0.0
5.442e-07	0.0	0.0	0.0
5.444e-07	0.0	0.0	0.0
5.446e-07	0.0	0.0	0.0
5.448e-07	0.0	0.0	0.0
5.45e-07	0.0	0.0	0.0
5.452e-07	0.0	0.0	0.0
5.454e-07	0.0	0.0	0.0
5.456e-07	0.0	0.0	0.0
5.458e-07	0.0	0.0	0.0
5.46e-07	0.0	0.0	0.0
5.462e-07	0.0	0.0	0.0
5.464e-07	0.0	0.0	0.0
5.466e-07	0.0	0.0	0.0
5.468e-07	0.0	0.0	0.0
5.47e-07	0.0	0.0	0.0
5.472e-07	0.0	0.0	0.0
5.474e-07	0.0	0.0	0.0
5.476e-07	0.0	0.0	0.0
5.478e-07	0.0	0.0	0.0
5.48e-07	0.0	0.0	0.0
5.482e-07	0.0	0.0	0.0
5.484e-07	0.0	0.0	0.0
5.486e-07	0.0	0.0	0.0
5.488e-07	0.0	0.0	0.0
5.49e-07	0.0	0.0	0.0
5.492e-07	0.0	0.0	0.0
5.494e-07	0.0	0.0	0.0
5.496e-07	0.0	0.0	0.0
5.498e-07	0.0	0.0	0.0
5.5e-07	0.0	0.0	0.0
5.502e-07	0.0	0.0	0.0
5.504e-07	0.0	0.0	0.0
5.506e-07	0.0	0.0	0.0
5.508e-07	0.0	0.0	0.0
5.51e-07	0.0	0.0	0.0
5.512e-07	0.0	0.0	0.0
5.514e-07	0.0	0.0	0.0
5.516e-07	0.0	0.0	0.0
5.518e-07	0.0	0.0	0.0
5.52e-07	0.0	0.0	0.0
5.522e-07	0.0	0.0	0.0
5.524e-07	0.0	0.0	0.0
5.526e-07	0.0	0.0	0.0
5.528e-07	0.0	0.0	0.0
5.53e-07	0.0	0.0	0.0
5.532e-07	0.0	0.0	0.0
5.534e-07	0.0	0.0	0.0
5.536e-07	0.0	0.0	0.0
5.538e-07	0.0	0.0	0.0
5.54e-07	0.0	0.0	0.0
5.542e-07	0.0	0.0	0.0
5.544e-07	0.0	0.0	0.0
5.546e-07	0.0	0.0	0.0
5.548e-07	0.0	0.0	0.0
5.55e-07	0.0	0.0	0.0
5.552e-07	0.0	0.0	0.0
5.554e-07	0.0	0.0	0.0
5.556e-07	0.0	0.0	0.0
5.558e-07	0.0	0.0	0.0
5.56e-07	0.0	0.0	0.0
5.562e-07	0.0	0.0	0.0
5.564e-07	0.0	0.0	0.0
5.566e-07	0.0	0.0	0.0
5.568e-07	0.0	0.0	0.0
5.57e-07	0.0	0.0	0.0
5.572e-07	0.0	0.0	0.0
5.574e-07	0.0	0.0	0.0
5.576e-07	0.0	0.0	0.0
5.578e-07	0.0	0.0	0.0
5.58e-07	0.0	0.0	0.0
5.582e-07	0.0	0.0	0.0
5.584e-07	0.0	0.0	0.0
5.586e-07	0.0	0.0	0.0
5.588e-07	0.0	0.0	0.0
5.59e-07	0.0	0.0	0.0
5.592e-07	0.0	0.0	0.0
5.594e-07	0.0	0.0	0.0
5.596e-07	0.0	0.0	0.0
5.598e-07	0.0	0.0	0.0
5.6e-07	0.0	0.0	0.0
5.602e-07	0.0	0.0	0.0
5.604e-07	0.0	0.0	0.0
5.606e-07	0.0	0.0	0.0
5.608e-07	0.0	0.0	0.0
5.61e-07	0.0	0.0	0.0
5.612e-07	0.0	0.0	0.0
5.614e-07	0.0	0.0	0.0
5.616e-07	0.0	0.0	0.0
5.618e-07	0.0	0.0	0.0
5.62e-07	0.0	0.0	0.0
5.622e-07	0.0	0.0	0.0
5.624e-07	0.0	0.0	0.0
5.626e-07	0.0	0.0	0.0
5.628e-07	0.0	0.0	0.0
5.63e-07	0.0	0.0	0.0
5.632e-07	0.0	0.0	0.0
5.634e-07	0.0	0.0	0.0
5.636e-07	0.0	0.0	0.0
5.638e-07	0.0	0.0	0.0
5.64e-07	0.0	0.0	0.0
5.642e-07	0.0	0.0	0.0
5.644e-07	0.0	0.0	0.0
5.646e-07	0.0	0.0	0.0
5.648e-07	0.0	0.0	0.0
5.65e-07	0.0	0.0	0.0
5.652e-07	0.0	0.0	0.0
5.654e-07	0.0	0.0	0.0
5.656e-07	0.0	0.0	0.0
5.658e-07	0.0	0.0	0.0
5.66e-07	0.0	0.0	0.0
5.662e-07	0.0	0.0	0.0
5.664e-07	0.0	0.0	0.0
5.666e-07	0.0	0.0	0.0
5.668e-07	0.0	0.0	0.0
5.67e-07	0.0	0.0	0.0
5.672e-07	0.0	0.0	0.0
5.674e-07	0.0	0.0	0.0
5.676e-07	0.0	0.0	0.0
5.678e-07	0.0	0.0	0.0
5.68e-07	0.0	0.0	0.0
5.682e-07	0.0	0.0	0.0
5.684e-07	0.0	0.0	0.0
5.686e-07	0.0	0.0	0.0
5.688e-07	0.0	0.0	0.0
5.69e-07	0.0	0.0	0.0
5.692e-07	0.0	0.0	0.0
5.694e-07	0.0	0.0	0.0
5.696e-07	0.0	0.0	0.0
5.698e-07	0.0	0.0	0.0
5.7e-07	0.0	0.0	0.0
5.702e-07	0.0	0.0	0.0
5.704e-07	0.0	0.0	0.0
5.706e-07	0.0	0.0	0.0
5.708e-07	0.0	0.0	0.0
5.71e-07	0.0	0.0	0.0
5.712e-07	0.0	0.0	0.0
5.714e-07	0.0	0.0	0.0
5.716e-07	0.0	0.0	0.0
5.718e-07	0.0	0.0	0.0
5.72e-07	0.0	0.0	0.0
5.722e-07	0.0	0.0	0.0
5.724e-07	0.0	0.0	0.0
5.726e-07	0.0	0.0	0.0
5.728e-07	0.0	0.0	0.0
5.73e-07	0.0	0.0	0.0
5.732e-07	0.0	0.0	0.0
5.734e-07	0.0	0.0	0.0
5.736e-07	0.0	0.0	0.0
5.738e-07	0.0	0.0	0.0
5.74e-07	0.0	0.0	0.0
5.742e-07	0.0	0.0	0.0
5.744e-07	0.0	0.0	0.0
5.746e-07	0.0	0.0	0.0
5.748e-07	0.0	0.0	0.0
5.75e-07	0.0	0.0	0.0
5.752e-07	0.0	0.0	0.0
5.754e-07	0.0	0.0	0.0
5.756e-07	0.0	0.0	0.0
5.758e-07	0.0	0.0	0.0
5.76e-07	0.0	0.0	0.0
5.762e-07	0.0	0.0	0.0
5.764e-07	0.0	0.0	0.0
5.766e-07	0.0	0.0	0.0
5.768e-07	0.0	0.0	0.0
5.77e-07	0.0	0.0	0.0
5.772e-07	0.0	0.0	0.0
5.774e-07	0.0	0.0	0.0
5.776e-07	0.0	0.0	0.0
5.778e-07	0.0	0.0	0.0
5.78e-07	0.0	0.0	0.0
5.782e-07	0.0	0.0	0.0
5.784e-07	0.0	0.0	0.0
5.786e-07	0.0	0.0	0.0
5.788e-07	0.0	0.0	0.0
5.79e-07	0.0	0.0	0.0
5.792e-07	0.0	0.0	0.0
5.794e-07	0.0	0.0	0.0
5.796e-07	0.0	0.0	0.0
5.798e-07	0.0	0.0	0.0
5.8e-07	0.0	0.0	0.0
5.802e-07	0.0	0.0	0.0
5.804e-07	0.0	0.0	0.0
5.806e-07	0.0	0.0	0.0
5.808e-07	0.0	0.0	0.0
5.81e-07	0.0	0.0	0.0
5.812e-07	0.0	0.0	0.0
5.814e-07	0.0	0.0	0.0
5.816e-07	0.0	0.0	0.0
5.818e-07	0.0	0.0	0.0
5.82e-07	0.0	0.0	0.0
5.822e-07	0.0	0.0	0.0
5.824e-07	0.0	0.0	0.0
5.826e-07	0.0	0.0	0.0
5.828e-07	0.0	0.0	0.0
5.83e-07	0.0	0.0	0.0
5.832e-07	0.0	0.0	0.0
5.834e-07	0.0	0.0	0.0
5.836e-07	0.0	0.0	0.0
5.838e-07	0.0	0.0	0.0
5.84e-07	0.0	0.0	0.0
5.842e-07	0.0	0.0	0.0
5.844e-07	0.0	0.0	0.0
5.846e-07	0.0	0.0	0.0
5.848e-07	0.0	0.0	0.0
5.85e-07	0.0	0.0	0.0
5.852e-07	0.0	0.0	0.0
5.854e-07	0.0	0.0	0.0
5.856e-07	0.0	0.0	0.0
5.858e-07	0.0	0.0	0.0
5.86e-07	0.0	0.0	0.0
5.862e-07	0.0	0.0	0.0
5.864e-07	0.0	0.0	0.0
5.866e-07	0.0	0.0	0.0
5.868e-07	0.0	0.0	0.0
5.87e-07	0.0	0.0	0.0
5.872e-07	0.0	0.0	0.0
5.874e-07	0.0	0.0	0.0
5.876e-07	0.0	0.0	0.0
5.878e-07	0.0	0.0	0.0
5.88e-07	0.0	0.0	0.0
5.882e-07	0.0	0.0	0.0
5.884e-07	0.0	0.0	0.0
5.886e-07	0.0	0.0	0.0
5.888e-07	0.0	0.0	0.0
5.89e-07	0.0	0.0	0.0
5.892e-07	0.0	0.0	0.0
5.894e-07	0.0	0.0	0.0
5.896e-07	0.0	0.0	0.0
5.898e-07	0.0	0.0	0.0
5.9e-07	0.0	0.0	0.0
5.902e-07	0.0	0.0	0.0
5.904e-07	0.0	0.0	0.0
5.906e-07	0.0	0.0	0.0
5.908e-07	0.0	0.0	0.0
5.91e-07	0.0	0.0	0.0
5.912e-07	0.0	0.0	0.0
5.914e-07	0.0	0.0	0.0
5.916e-07	0.0	0.0	0.0
5.918e-07	0.0	0.0	0.0
5.92e-07	0.0	0.0	0.0
5.922e-07	0.0	0.0	0.0
5.924e-07	0.0	0.0	0.0
5.926e-07	0.0	0.0	0.0
5.928e-07	0.0	0.0	0.0
5.93e-07	0.0	0.0	0.0
5.932e-07	0.0	0.0	0.0
5.934e-07	0.0	0.0	0.0
5.936e-07	0.0	0.0	0.0
5.938e-07	0.0	0.0	0.0
5.94e-07	0.0	0.0	0.0
5.942e-07	0.0	0.0	0.0
5.944e-07	0.0	0.0	0.0
5.946e-07	0.0	0.0	0.0
5.948e-07	0.0	0.0	0.0
5.95e-07	0.0	0.0	0.0
5.952e-07	0.0	0.0	0.0
5.954e-07	0.0	0.0	0.0
5.956e-07	0.0	0.0	0.0
5.958e-07	0.0	0.0	0.0
5.96e-07	0.0	0.0	0.0
5.962e-07	0.0	0.0	0.0
5.964e-07	0.0	0.0	0.0
5.966e-07	0.0	0.0	0.0
5.968e-07	0.0	0.0	0.0
5.97e-07	0.0	0.0	0.0
5.972e-07	0.0	0.0	0.0
5.974e-07	0.0	0.0	0.0
5.976e-07	0.0	0.0	0.0
5.978e-07	0.0	0.0	0.0
5.98e-07	0.0	0.0	0.0
5.982e-07	0.0	0.0	0.0
5.984e-07	0.0	0.0	0.0
5.986e-07	0.0	0.0	0.0
5.988e-07	0.0	0.0	0.0
5.99e-07	0.0	0.0	0.0
5.992e-07	0.0	0.0	0.0
5.994e-07	0.0	0.0	0.0
5.996e-07	0.0	0.0	0.0
5.998e-07	0.0	0.0	0.0
6e-07	0.0	0.0	0.0
6.002e-07	0.0	0.0	0.0
6.004e-07	0.0	0.0	0.0
6.006e-07	0.0	0.0	0.0
6.008e-07	0.0	0.0	0.0
6.01e-07	0.0	0.0	0.0
6.012e-07	0.0	0.0	0.0
6.014e-07	0.0	0.0	0.0
6.016e-07	0.0	0.0	0.0
6.018e-07	0.0	0.0	0.0
6.02e-07	0.0	0.0	0.0
6.022e-07	0.0	0.0	0.0
6.024e-07	0.0	0.0	0.0
6.026e-07	0.0	0.0	0.0
6.028e-07	0.0	0.0	0.0
6.03e-07	0.0	0.0	0.0
6.032e-07	0.0	0.0	0.0
6.034e-07	0.0	0.0	0.0
6.036e-07	0.0	0.0	0.0
6.038e-07	0.0	0.0	0.0
6.04e-07	0.0	0.0	0.0
6.042e-07	0.0	0.0	0.0
6.044e-07	0.0	0.0	0.0
6.046e-07	0.0	0.0	0.0
6.048e-07	0.0	0.0	0.0
6.05e-07	0.0	0.0	0.0
6.052e-07	0.0	0.0	0.0
6.054e-07	0.0	0.0	0.0
6.056e-07	0.0	0.0	0.0
6.058e-07	0.0	0.0	0.0
6.06e-07	0.0	0.0	0.0
6.062e-07	0.0	0.0	0.0
6.064e-07	0.0	0.0	0.0
6.066e-07	0.0	0.0	0.0
6.068e-07	0.0	0.0	0.0
6.07e-07	0.0	0.0	0.0
6.072e-07	0.0	0.0	0.0
6.074e-07	0.0	0.0	0.0
6.076e-07	0.0	0.0	0.0
6.078e-07	0.0	0.0	0.0
6.08e-07	0.0	0.0	0.0
6.082e-07	0.0	0.0	0.0
6.084e-07	0.0	0.0	0.0
6.086e-07	0.0	0.0	0.0
6.088e-07	0.0	0.0	0.0
6.09e-07	0.0	0.0	0.0
6.092e-07	0.0	0.0	0.0
6.094e-07	0.0	0.0	0.0
6.096e-07	0.0	0.0	0.0
6.098e-07	0.0	0.0	0.0
6.1e-07	0.0	0.0	0.0
6.102e-07	0.0	0.0	0.0
6.104e-07	0.0	0.0	0.0
6.106e-07	0.0	0.0	0.0
6.108e-07	0.0	0.0	0.0
6.11e-07	0.0	0.0	0.0
6.112e-07	0.0	0.0	0.0
6.114e-07	0.0	0.0	0.0
6.116e-07	0.0	0.0	0.0
6.118e-07	0.0	0.0	0.0
6.12e-07	0.0	0.0	0.0
6.122e-07	0.0	0.0	0.0
6.124e-07	0.0	0.0	0.0
6.126e-07	0.0	0.0	0.0
6.128e-07	0.0	0.0	0.0
6.13e-07	0.0	0.0	0.0
6.132e-07	0.0	0.0	0.0
6.134e-07	0.0	0.0	0.0
6.136e-07	0.0	0.0	0.0
6.138e-07	0.0	0.0	0.0
6.14e-07	0.0	0.0	0.0
6.142e-07	0.0	0.0	0.0
6.144e-07	0.0	0.0	0.0
6.146e-07	0.0	0.0	0.0
6.148e-07	0.0	0.0	0.0
6.15e-07	0.0	0.0	0.0
6.152e-07	0.0	0.0	0.0
6.154e-07	0.0	0.0	0.0
6.156e-07	0.0	0.0	0.0
6.158e-07	0.0	0.0	0.0
6.16e-07	0.0	0.0	0.0
6.162e-07	0.0	0.0	0.0
6.164e-07	0.0	0.0	0.0
6.166e-07	0.0	0.0	0.0
6.168e-07	0.0	0.0	0.0
6.17e-07	0.0	0.0	0.0
6.172e-07	0.0	0.0	0.0
6.174e-07	0.0	0.0	0.0
6.176e-07	0.0	0.0	0.0
6.178e-07	0.0	0.0	0.0
6.18e-07	0.0	0.0	0.0
6.182e-07	0.0	0.0	0.0
6.184e-07	0.0	0.0	0.0
6.186e-07	0.0	0.0	0.0
6.188e-07	0.0	0.0	0.0
6.19e-07	0.0	0.0	0.0
6.192e-07	0.0	0.0	0.0
6.194e-07	0.0	0.0	0.0
6.196e-07	0.0	0.0	0.0
6.198e-07	0.0	0.0	0.0
6.2e-07	0.0	0.0	0.0
6.202e-07	0.0	0.0	0.0
6.204e-07	0.0	0.0	0.0
6.206e-07	0.0	0.0	0.0
6.208e-07	0.0	0.0	0.0
6.21e-07	0.0	0.0	0.0
6.212e-07	0.0	0.0	0.0
6.214e-07	0.0	0.0	0.0
6.216e-07	0.0	0.0	0.0
6.218e-07	0.0	0.0	0.0
6.22e-07	0.0	0.0	0.0
6.222e-07	0.0	0.0	0.0
6.224e-07	0.0	0.0	0.0
6.226e-07	0.0	0.0	0.0
6.228e-07	0.0	0.0	0.0
6.23e-07	0.0	0.0	0.0
6.232e-07	0.0	0.0	0.0
6.234e-07	0.0	0.0	0.0
6.236e-07	0.0	0.0	0.0
6.238e-07	0.0	0.0	0.0
6.24e-07	0.0	0.0	0.0
6.242e-07	0.0	0.0	0.0
6.244e-07	0.0	0.0	0.0
6.246e-07	0.0	0.0	0.0
6.248e-07	0.0	0.0	0.0
6.25e-07	0.0	0.0	0.0
6.252e-07	0.0	0.0	0.0
6.254e-07	0.0	0.0	0.0
6.256e-07	0.0	0.0	0.0
6.258e-07	0.0	0.0	0.0
6.26e-07	0.0	0.0	0.0
6.262e-07	0.0	0.0	0.0
6.264e-07	0.0	0.0	0.0
6.266e-07	0.0	0.0	0.0
6.268e-07	0.0	0.0	0.0
6.27e-07	0.0	0.0	0.0
6.272e-07	0.0	0.0	0.0
6.274e-07	0.0	0.0	0.0
6.276e-07	0.0	0.0	0.0
6.278e-07	0.0	0.0	0.0
6.28e-07	0.0	0.0	0.0
6.282e-07	0.0	0.0	0.0
6.284e-07	0.0	0.0	0.0
6.286e-07	0.0	0.0	0.0
6.288e-07	0.0	0.0	0.0
6.29e-07	0.0	0.0	0.0
6.292e-07	0.0	0.0	0.0
6.294e-07	0.0	0.0	0.0
6.296e-07	0.0	0.0	0.0
6.298e-07	0.0	0.0	0.0
6.3e-07	0.0	0.0	0.0
6.302e-07	0.0	0.0	0.0
6.304e-07	0.0	0.0	0.0
6.306e-07	0.0	0.0	0.0
6.308e-07	0.0	0.0	0.0
6.31e-07	0.0	0.0	0.0
6.312e-07	0.0	0.0	0.0
6.314e-07	0.0	0.0	0.0
6.316e-07	0.0	0.0	0.0
6.318e-07	0.0	0.0	0.0
6.32e-07	0.0	0.0	0.0
6.322e-07	0.0	0.0	0.0
6.324e-07	0.0	0.0	0.0
6.326e-07	0.0	0.0	0.0
6.328e-07	0.0	0.0	0.0
6.33e-07	0.0	0.0	0.0
6.332e-07	0.0	0.0	0.0
6.334e-07	0.0	0.0	0.0
6.336e-07	0.0	0.0	0.0
6.338e-07	0.0	0.0	0.0
6.34e-07	0.0	0.0	0.0
6.342e-07	0.0	0.0	0.0
6.344e-07	0.0	0.0	0.0
6.346e-07	0.0	0.0	0.0
6.348e-07	0.0	0.0	0.0
6.35e-07	0.0	0.0	0.0
6.352e-07	0.0	0.0	0.0
6.354e-07	0.0	0.0	0.0
6.356e-07	0.0	0.0	0.0
6.358e-07	0.0	0.0	0.0
6.36e-07	0.0	0.0	0.0
6.362e-07	0.0	0.0	0.0
6.364e-07	0.0	0.0	0.0
6.366e-07	0.0	0.0	0.0
6.368e-07	0.0	0.0	0.0
6.37e-07	0.0	0.0	0.0
6.372e-07	0.0	0.0	0.0
6.374e-07	0.0	0.0	0.0
6.376e-07	0.0	0.0	0.0
6.378e-07	0.0	0.0	0.0
6.38e-07	0.0	0.0	0.0
6.382e-07	0.0	0.0	0.0
6.384e-07	0.0	0.0	0.0
6.386e-07	0.0	0.0	0.0
6.388e-07	0.0	0.0	0.0
6.39e-07	0.0	0.0	0.0
6.392e-07	0.0	0.0	0.0
6.394e-07	0.0	0.0	0.0
6.396e-07	0.0	0.0	0.0
6.398e-07	0.0	0.0	0.0
6.4e-07	0.0	0.0	0.0
6.402e-07	0.0	0.0	0.0
6.404e-07	0.0	0.0	0.0
6.406e-07	0.0	0.0	0.0
6.408e-07	0.0	0.0	0.0
6.41e-07	0.0	0.0	0.0
6.412e-07	0.0	0.0	0.0
6.414e-07	0.0	0.0	0.0
6.416e-07	0.0	0.0	0.0
6.418e-07	0.0	0.0	0.0
6.42e-07	0.0	0.0	0.0
6.422e-07	0.0	0.0	0.0
6.424e-07	0.0	0.0	0.0
6.426e-07	0.0	0.0	0.0
6.428e-07	0.0	0.0	0.0
6.43e-07	0.0	0.0	0.0
6.432e-07	0.0	0.0	0.0
6.434e-07	0.0	0.0	0.0
6.436e-07	0.0	0.0	0.0
6.438e-07	0.0	0.0	0.0
6.44e-07	0.0	0.0	0.0
6.442e-07	0.0	0.0	0.0
6.444e-07	0.0	0.0	0.0
6.446e-07	0.0	0.0	0.0
6.448e-07	0.0	0.0	0.0
6.45e-07	0.0	0.0	0.0
6.452e-07	0.0	0.0	0.0
6.454e-07	0.0	0.0	0.0
6.456e-07	0.0	0.0	0.0
6.458e-07	0.0	0.0	0.0
6.46e-07	0.0	0.0	0.0
6.462e-07	0.0	0.0	0.0
6.464e-07	0.0	0.0	0.0
6.466e-07	0.0	0.0	0.0
6.468e-07	0.0	0.0	0.0
6.47e-07	0.0	0.0	0.0
6.472e-07	0.0	0.0	0.0
6.474e-07	0.0	0.0	0.0
6.476e-07	0.0	0.0	0.0
6.478e-07	0.0	0.0	0.0
6.48e-07	0.0	0.0	0.0
6.482e-07	0.0	0.0	0.0
6.484e-07	0.0	0.0	0.0
6.486e-07	0.0	0.0	0.0
6.488e-07	0.0	0.0	0.0
6.49e-07	0.0	0.0	0.0
6.492e-07	0.0	0.0	0.0
6.494e-07	0.0	0.0	0.0
6.496e-07	0.0	0.0	0.0
6.498e-07	0.0	0.0	0.0
6.5e-07	0.0	0.0	0.0
6.502e-07	0.0	0.0	0.0
6.504e-07	0.0	0.0	0.0
6.506e-07	0.0	0.0	0.0
6.508e-07	0.0	0.0	0.0
6.51e-07	0.0	0.0	0.0
6.512e-07	0.0	0.0	0.0
6.514e-07	0.0	0.0	0.0
6.516e-07	0.0	0.0	0.0
6.518e-07	0.0	0.0	0.0
6.52e-07	0.0	0.0	0.0
6.522e-07	0.0	0.0	0.0
6.524e-07	0.0	0.0	0.0
6.526e-07	0.0	0.0	0.0
6.528e-07	0.0	0.0	0.0
6.53e-07	0.0	0.0	0.0
6.532e-07	0.0	0.0	0.0
6.534e-07	0.0	0.0	0.0
6.536e-07	0.0	0.0	0.0
6.538e-07	0.0	0.0	0.0
6.54e-07	0.0	0.0	0.0
6.542e-07	0.0	0.0	0.0
6.544e-07	0.0	0.0	0.0
6.546e-07	0.0	0.0	0.0
6.548e-07	0.0	0.0	0.0
6.55e-07	0.0	0.0	0.0
6.552e-07	0.0	0.0	0.0
6.554e-07	0.0	0.0	0.0
6.556e-07	0.0	0.0	0.0
6.558e-07	0.0	0.0	0.0
6.56e-07	0.0	0.0	0.0
6.562e-07	0.0	0.0	0.0
6.564e-07	0.0	0.0	0.0
6.566e-07	0.0	0.0	0.0
6.568e-07	0.0	0.0	0.0
6.57e-07	0.0	0.0	0.0
6.572e-07	0.0	0.0	0.0
6.574e-07	0.0	0.0	0.0
6.576e-07	0.0	0.0	0.0
6.578e-07	0.0	0.0	0.0
6.58e-07	0.0	0.0	0.0
6.582e-07	0.0	0.0	0.0
6.584e-07	0.0	0.0	0.0
6.586e-07	0.0	0.0	0.0
6.588e-07	0.0	0.0	0.0
6.59e-07	0.0	0.0	0.0
6.592e-07	0.0	0.0	0.0
6.594e-07	0.0	0.0	0.0
6.596e-07	0.0	0.0	0.0
6.598e-07	0.0	0.0	0.0
6.6e-07	0.0	0.0	0.0
6.602e-07	0.0	0.0	0.0
6.604e-07	0.0	0.0	0.0
6.606e-07	0.0	0.0	0.0
6.608e-07	0.0	0.0	0.0
6.61e-07	0.0	0.0	0.0
6.612e-07	0.0	0.0	0.0
6.614e-07	0.0	0.0	0.0
6.616e-07	0.0	0.0	0.0
6.618e-07	0.0	0.0	0.0
6.62e-07	0.0	0.0	0.0
6.622e-07	0.0	0.0	0.0
6.624e-07	0.0	0.0	0.0
6.626e-07	0.0	0.0	0.0
6.628e-07	0.0	0.0	0.0
6.63e-07	0.0	0.0	0.0
6.632e-07	0.0	0.0	0.0
6.634e-07	0.0	0.0	0.0
6.636e-07	0.0	0.0	0.0
6.638e-07	0.0	0.0	0.0
6.64e-07	0.0	0.0	0.0
6.642e-07	0.0	0.0	0.0
6.644e-07	0.0	0.0	0.0
6.646e-07	0.0	0.0	0.0
6.648e-07	0.0	0.0	0.0
6.65e-07	0.0	0.0	0.0
6.652e-07	0.0	0.0	0.0
6.654e-07	0.0	0.0	0.0
6.656e-07	0.0	0.0	0.0
6.658e-07	0.0	0.0	0.0
6.66e-07	0.0	0.0	0.0
6.662e-07	0.0	0.0	0.0
6.664e-07	0.0	0.0	0.0
6.666e-07	0.0	0.0	0.0
6.668e-07	0.0	0.0	0.0
6.67e-07	0.0	0.0	0.0
6.672e-07	0.0	0.0	0.0
6.674e-07	0.0	0.0	0.0
6.676e-07	0.0	0.0	0.0
6.678e-07	0.0	0.0	0.0
6.68e-07	0.0	0.0	0.0
6.682e-07	0.0	0.0	0.0
6.684e-07	0.0	0.0	0.0
6.686e-07	0.0	0.0	0.0
6.688e-07	0.0	0.0	0.0
6.69e-07	0.0	0.0	0.0
6.692e-07	0.0	0.0	0.0
6.694e-07	0.0	0.0	0.0
6.696e-07	0.0	0.0	0.0
6.698e-07	0.0	0.0	0.0
6.7e-07	0.0	0.0	0.0
6.702e-07	0.0	0.0	0.0
6.704e-07	0.0	0.0	0.0
6.706e-07	0.0	0.0	0.0
6.708e-07	0.0	0.0	0.0
6.71e-07	0.0	0.0	0.0
6.712e-07	0.0	0.0	0.0
6.714e-07	0.0	0.0	0.0
6.716e-07	0.0	0.0	0.0
6.718e-07	0.0	0.0	0.0
6.72e-07	0.0	0.0	0.0
6.722e-07	0.0	0.0	0.0
6.724e-07	0.0	0.0	0.0
6.726e-07	0.0	0.0	0.0
6.728e-07	0.0	0.0	0.0
6.73e-07	0.0	0.0	0.0
6.732e-07	0.0	0.0	0.0
6.734e-07	0.0	0.0	0.0
6.736e-07	0.0	0.0	0.0
6.738e-07	0.0	0.0	0.0
6.74e-07	0.0	0.0	0.0
6.742e-07	0.0	0.0	0.0
6.744e-07	0.0	0.0	0.0
6.746e-07	0.0	0.0	0.0
6.748e-07	0.0	0.0	0.0
6.75e-07	0.0	0.0	0.0
6.752e-07	0.0	0.0	0.0
6.754e-07	0.0	0.0	0.0
6.756e-07	0.0	0.0	0.0
6.758e-07	0.0	0.0	0.0
6.76e-07	0.0	0.0	0.0
6.762e-07	0.0	0.0	0.0
6.764e-07	0.0	0.0	0.0
6.766e-07	0.0	0.0	0.0
6.768e-07	0.0	0.0	0.0
6.77e-07	0.0	0.0	0.0
6.772e-07	0.0	0.0	0.0
6.774e-07	0.0	0.0	0.0
6.776e-07	0.0	0.0	0.0
6.778e-07	0.0	0.0	0.0
6.78e-07	0.0	0.0	0.0
6.782e-07	0.0	0.0	0.0
6.784e-07	0.0	0.0	0.0
6.786e-07	0.0	0.0	0.0
6.788e-07	0.0	0.0	0.0
6.79e-07	0.0	0.0	0.0
6.792e-07	0.0	0.0	0.0
6.794e-07	0.0	0.0	0.0
6.796e-07	0.0	0.0	0.0
6.798e-07	0.0	0.0	0.0
6.8e-07	0.0	0.0	0.0
6.802e-07	0.0	0.0	0.0
6.804e-07	0.0	0.0	0.0
6.806e-07	0.0	0.0	0.0
6.808e-07	0.0	0.0	0.0
6.81e-07	0.0	0.0	0.0
6.812e-07	0.0	0.0	0.0
6.814e-07	0.0	0.0	0.0
6.816e-07	0.0	0.0	0.0
6.818e-07	0.0	0.0	0.0
6.82e-07	0.0	0.0	0.0
6.822e-07	0.0	0.0	0.0
6.824e-07	0.0	0.0	0.0
6.826e-07	0.0	0.0	0.0
6.828e-07	0.0	0.0	0.0
6.83e-07	0.0	0.0	0.0
6.832e-07	0.0	0.0	0.0
6.834e-07	0.0	0.0	0.0
6.836e-07	0.0	0.0	0.0
6.838e-07	0.0	0.0	0.0
6.84e-07	0.0	0.0	0.0
6.842e-07	0.0	0.0	0.0
6.844e-07	0.0	0.0	0.0
6.846e-07	0.0	0.0	0.0
6.848e-07	0.0	0.0	0.0
6.85e-07	0.0	0.0	0.0
6.852e-07	0.0	0.0	0.0
6.854e-07	0.0	0.0	0.0
6.856e-07	0.0	0.0	0.0
6.858e-07	0.0	0.0	0.0
6.86e-07	0.0	0.0	0.0
6.862e-07	0.0	0.0	0.0
6.864e-07	0.0	0.0	0.0
6.866e-07	0.0	0.0	0.0
6.868e-07	0.0	0.0	0.0
6.87e-07	0.0	0.0	0.0
6.872e-07	0.0	0.0	0.0
6.874e-07	0.0	0.0	0.0
6.876e-07	0.0	0.0	0.0
6.878e-07	0.0	0.0	0.0
6.88e-07	0.0	0.0	0.0
6.882e-07	0.0	0.0	0.0
6.884e-07	0.0	0.0	0.0
6.886e-07	0.0	0.0	0.0
6.888e-07	0.0	0.0	0.0
6.89e-07	0.0	0.0	0.0
6.892e-07	0.0	0.0	0.0
6.894e-07	0.0	0.0	0.0
6.896e-07	0.0	0.0	0.0
6.898e-07	0.0	0.0	0.0
6.9e-07	0.0	0.0	0.0
6.902e-07	0.0	0.0	0.0
6.904e-07	0.0	0.0	0.0
6.906e-07	0.0	0.0	0.0
6.908e-07	0.0	0.0	0.0
6.91e-07	0.0	0.0	0.0
6.912e-07	0.0	0.0	0.0
6.914e-07	0.0	0.0	0.0
6.916e-07	0.0	0.0	0.0
6.918e-07	0.0	0.0	0.0
6.92e-07	0.0	0.0	0.0
6.922e-07	0.0	0.0	0.0
6.924e-07	0.0	0.0	0.0
6.926e-07	0.0	0.0	0.0
6.928e-07	0.0	0.0	0.0
6.93e-07	0.0	0.0	0.0
6.932e-07	0.0	0.0	0.0
6.934e-07	0.0	0.0	0.0
6.936e-07	0.0	0.0	0.0
6.938e-07	0.0	0.0	0.0
6.94e-07	0.0	0.0	0.0
6.942e-07	0.0	0.0	0.0
6.944e-07	0.0	0.0	0.0
6.946e-07	0.0	0.0	0.0
6.948e-07	0.0	0.0	0.0
6.95e-07	0.0	0.0	0.0
6.952e-07	0.0	0.0	0.0
6.954e-07	0.0	0.0	0.0
6.956e-07	0.0	0.0	0.0
6.958e-07	0.0	0.0	0.0
6.96e-07	0.0	0.0	0.0
6.962e-07	0.0	0.0	0.0
6.964e-07	0.0	0.0	0.0
6.966e-07	0.0	0.0	0.0
6.968e-07	0.0	0.0	0.0
6.97e-07	0.0	0.0	0.0
6.972e-07	0.0	0.0	0.0
6.974e-07	0.0	0.0	0.0
6.976e-07	0.0	0.0	0.0
6.978e-07	0.0	0.0	0.0
6.98e-07	0.0	0.0	0.0
6.982e-07	0.0	0.0	0.0
6.984e-07	0.0	0.0	0.0
6.986e-07	0.0	0.0	0.0
6.988e-07	0.0	0.0	0.0
6.99e-07	0.0	0.0	0.0
6.992e-07	0.0	0.0	0.0
6.994e-07	0.0	0.0	0.0
6.996e-07	0.0	0.0	0.0
6.998e-07	0.0	0.0	0.0
7e-07	0.0	0.0	0.0
7.002e-07	0.0	0.0	0.0
7.004e-07	0.0	0.0	0.0
7.006e-07	0.0	0.0	0.0
7.008e-07	0.0	0.0	0.0
7.01e-07	0.0	0.0	0.0
7.012e-07	0.0	0.0	0.0
7.014e-07	0.0	0.0	0.0
7.016e-07	0.0	0.0	0.0
7.018e-07	0.0	0.0	0.0
7.02e-07	0.0	0.0	0.0
7.022e-07	0.0	0.0	0.0
7.024e-07	0.0	0.0	0.0
7.026e-07	0.0	0.0	0.0
7.028e-07	0.0	0.0	0.0
7.03e-07	0.0	0.0	0.0
7.032e-07	0.0	0.0	0.0
7.034e-07	0.0	0.0	0.0
7.036e-07	0.0	0.0	0.0
7.038e-07	0.0	0.0	0.0
7.04e-07	0.0	0.0	0.0
7.042e-07	0.0	0.0	0.0
7.044e-07	0.0	0.0	0.0
7.046e-07	0.0	0.0	0.0
7.048e-07	0.0	0.0	0.0
7.05e-07	0.0	0.0	0.0
7.052e-07	0.0	0.0	0.0
7.054e-07	0.0	0.0	0.0
7.056e-07	0.0	0.0	0.0
7.058e-07	0.0	0.0	0.0
7.06e-07	0.0	0.0	0.0
7.062e-07	0.0	0.0	0.0
7.064e-07	0.0	0.0	0.0
7.066e-07	0.0	0.0	0.0
7.068e-07	0.0	0.0	0.0
7.07e-07	0.0	0.0	0.0
7.072e-07	0.0	0.0	0.0
7.074e-07	0.0	0.0	0.0
7.076e-07	0.0	0.0	0.0
7.078e-07	0.0	0.0	0.0
7.08e-07	0.0	0.0	0.0
7.082e-07	0.0	0.0	0.0
7.084e-07	0.0	0.0	0.0
7.086e-07	0.0	0.0	0.0
7.088e-07	0.0	0.0	0.0
7.09e-07	0.0	0.0	0.0
7.092e-07	0.0	0.0	0.0
7.094e-07	0.0	0.0	0.0
7.096e-07	0.0	0.0	0.0
7.098e-07	0.0	0.0	0.0
7.1e-07	0.0	0.0	0.0
7.102e-07	0.0	0.0	0.0
7.104e-07	0.0	0.0	0.0
7.106e-07	0.0	0.0	0.0
7.108e-07	0.0	0.0	0.0
7.11e-07	0.0	0.0	0.0
7.112e-07	0.0	0.0	0.0
7.114e-07	0.0	0.0	0.0
7.116e-07	0.0	0.0	0.0
7.118e-07	0.0	0.0	0.0
7.12e-07	0.0	0.0	0.0
7.122e-07	0.0	0.0	0.0
7.124e-07	0.0	0.0	0.0
7.126e-07	0.0	0.0	0.0
7.128e-07	0.0	0.0	0.0
7.13e-07	0.0	0.0	0.0
7.132e-07	0.0	0.0	0.0
7.134e-07	0.0	0.0	0.0
7.136e-07	0.0	0.0	0.0
7.138e-07	0.0	0.0	0.0
7.14e-07	0.0	0.0	0.0
7.142e-07	0.0	0.0	0.0
7.144e-07	0.0	0.0	0.0
7.146e-07	0.0	0.0	0.0
7.148e-07	0.0	0.0	0.0
7.15e-07	0.0	0.0	0.0
7.152e-07	0.0	0.0	0.0
7.154e-07	0.0	0.0	0.0
7.156e-07	0.0	0.0	0.0
7.158e-07	0.0	0.0	0.0
7.16e-07	0.0	0.0	0.0
7.162e-07	0.0	0.0	0.0
7.164e-07	0.0	0.0	0.0
7.166e-07	0.0	0.0	0.0
7.168e-07	0.0	0.0	0.0
7.17e-07	0.0	0.0	0.0
7.172e-07	0.0	0.0	0.0
7.174e-07	0.0	0.0	0.0
7.176e-07	0.0	0.0	0.0
7.178e-07	0.0	0.0	0.0
7.18e-07	0.0	0.0	0.0
7.182e-07	0.0	0.0	0.0
7.184e-07	0.0	0.0	0.0
7.186e-07	0.0	0.0	0.0
7.188e-07	0.0	0.0	0.0
7.19e-07	0.0	0.0	0.0
7.192e-07	0.0	0.0	0.0
7.194e-07	0.0	0.0	0.0
7.196e-07	0.0	0.0	0.0
7.198e-07	0.0	0.0	0.0
7.2e-07	0.0	0.0	0.0
7.202e-07	0.0	0.0	0.0
7.204e-07	0.0	0.0	0.0
7.206e-07	0.0	0.0	0.0
7.208e-07	0.0	0.0	0.0
7.21e-07	0.0	0.0	0.0
7.212e-07	0.0	0.0	0.0
7.214e-07	0.0	0.0	0.0
7.216e-07	0.0	0.0	0.0
7.218e-07	0.0	0.0	0.0
7.22e-07	0.0	0.0	0.0
7.222e-07	0.0	0.0	0.0
7.224e-07	0.0	0.0	0.0
7.226e-07	0.0	0.0	0.0
7.228e-07	0.0	0.0	0.0
7.23e-07	0.0	0.0	0.0
7.232e-07	0.0	0.0	0.0
7.234e-07	0.0	0.0	0.0
7.236e-07	0.0	0.0	0.0
7.238e-07	0.0	0.0	0.0
7.24e-07	0.0	0.0	0.0
7.242e-07	0.0	0.0	0.0
7.244e-07	0.0	0.0	0.0
7.246e-07	0.0	0.0	0.0
7.248e-07	0.0	0.0	0.0
7.25e-07	0.0	0.0	0.0
7.252e-07	0.0	0.0	0.0
7.254e-07	0.0	0.0	0.0
7.256e-07	0.0	0.0	0.0
7.258e-07	0.0	0.0	0.0
7.26e-07	0.0	0.0	0.0
7.262e-07	0.0	0.0	0.0
7.264e-07	0.0	0.0	0.0
7.266e-07	0.0	0.0	0.0
7.268e-07	0.0	0.0	0.0
7.27e-07	0.0	0.0	0.0
7.272e-07	0.0	0.0	0.0
7.274e-07	0.0	0.0	0.0
7.276e-07	0.0	0.0	0.0
7.278e-07	0.0	0.0	0.0
7.28e-07	0.0	0.0	0.0
7.282e-07	0.0	0.0	0.0
7.284e-07	0.0	0.0	0.0
7.286e-07	0.0	0.0	0.0
7.288e-07	0.0	0.0	0.0
7.29e-07	0.0	0.0	0.0
7.292e-07	0.0	0.0	0.0
7.294e-07	0.0	0.0	0.0
7.296e-07	0.0	0.0	0.0
7.298e-07	0.0	0.0	0.0
7.3e-07	0.0	0.0	0.0
7.302e-07	0.0	0.0	0.0
7.304e-07	0.0	0.0	0.0
7.306e-07	0.0	0.0	0.0
7.308e-07	0.0	0.0	0.0
7.31e-07	0.0	0.0	0.0
7.312e-07	0.0	0.0	0.0
7.314e-07	0.0	0.0	0.0
7.316e-07	0.0	0.0	0.0
7.318e-07	0.0	0.0	0.0
7.32e-07	0.0	0.0	0.0
7.322e-07	0.0	0.0	0.0
7.324e-07	0.0	0.0	0.0
7.326e-07	0.0	0.0	0.0
7.328e-07	0.0	0.0	0.0
7.33e-07	0.0	0.0	0.0
7.332e-07	0.0	0.0	0.0
7.334e-07	0.0	0.0	0.0
7.336e-07	0.0	0.0	0.0
7.338e-07	0.0	0.0	0.0
7.34e-07	0.0	0.0	0.0
7.342e-07	0.0	0.0	0.0
7.344e-07	0.0	0.0	0.0
7.346e-07	0.0	0.0	0.0
7.348e-07	0.0	0.0	0.0
7.35e-07	0.0	0.0	0.0
7.352e-07	0.0	0.0	0.0
7.354e-07	0.0	0.0	0.0
7.356e-07	0.0	0.0	0.0
7.358e-07	0.0	0.0	0.0
7.36e-07	0.0	0.0	0.0
7.362e-07	0.0	0.0	0.0
7.364e-07	0.0	0.0	0.0
7.366e-07	0.0	0.0	0.0
7.368e-07	0.0	0.0	0.0
7.37e-07	0.0	0.0	0.0
7.372e-07	0.0	0.0	0.0
7.374e-07	0.0	0.0	0.0
7.376e-07	0.0	0.0	0.0
7.378e-07	0.0	0.0	0.0
7.38e-07	0.0	0.0	0.0
7.382e-07	0.0	0.0	0.0
7.384e-07	0.0	0.0	0.0
7.386e-07	0.0	0.0	0.0
7.388e-07	0.0	0.0	0.0
7.39e-07	0.0	0.0	0.0
7.392e-07	0.0	0.0	0.0
7.394e-07	0.0	0.0	0.0
7.396e-07	0.0	0.0	0.0
7.398e-07	0.0	0.0	0.0
7.4e-07	0.0	0.0	0.0
7.402e-07	0.0	0.0	0.0
7.404e-07	0.0	0.0	0.0
7.406e-07	0.0	0.0	0.0
7.408e-07	0.0	0.0	0.0
7.41e-07	0.0	0.0	0.0
7.412e-07	0.0	0.0	0.0
7.414e-07	0.0	0.0	0.0
7.416e-07	0.0	0.0	0.0
7.418e-07	0.0	0.0	0.0
7.42e-07	0.0	0.0	0.0
7.422e-07	0.0	0.0	0.0
7.424e-07	0.0	0.0	0.0
7.426e-07	0.0	0.0	0.0
7.428e-07	0.0	0.0	0.0
7.43e-07	0.0	0.0	0.0
7.432e-07	0.0	0.0	0.0
7.434e-07	0.0	0.0	0.0
7.436e-07	0.0	0.0	0.0
7.438e-07	0.0	0.0	0.0
7.44e-07	0.0	0.0	0.0
7.442e-07	0.0	0.0	0.0
7.444e-07	0.0	0.0	0.0
7.446e-07	0.0	0.0	0.0
7.448e-07	0.0	0.0	0.0
7.45e-07	0.0	0.0	0.0
7.452e-07	0.0	0.0	0.0
7.454e-07	0.0	0.0	0.0
7.456e-07	0.0	0.0	0.0
7.458e-07	0.0	0.0	0.0
7.46e-07	0.0	0.0	0.0
7.462e-07	0.0	0.0	0.0
7.464e-07	0.0	0.0	0.0
7.466e-07	0.0	0.0	0.0
7.468e-07	0.0	0.0	0.0
7.47e-07	0.0	0.0	0.0
7.472e-07	0.0	0.0	0.0
7.474e-07	0.0	0.0	0.0
7.476e-07	0.0	0.0	0.0
7.478e-07	0.0	0.0	0.0
7.48e-07	0.0	0.0	0.0
7.482e-07	0.0	0.0	0.0
7.484e-07	0.0	0.0	0.0
7.486e-07	0.0	0.0	0.0
7.488e-07	0.0	0.0	0.0
7.49e-07	0.0	0.0	0.0
7.492e-07	0.0	0.0	0.0
7.494e-07	0.0	0.0	0.0
7.496e-07	0.0	0.0	0.0
7.498e-07	0.0	0.0	0.0
7.5e-07	0.0	0.0	0.0
7.502e-07	0.0	0.0	0.0
7.504e-07	0.0	0.0	0.0
7.506e-07	0.0	0.0	0.0
7.508e-07	0.0	0.0	0.0
7.51e-07	0.0	0.0	0.0
7.512e-07	0.0	0.0	0.0
7.514e-07	0.0	0.0	0.0
7.516e-07	0.0	0.0	0.0
7.518e-07	0.0	0.0	0.0
7.52e-07	0.0	0.0	0.0
7.522e-07	0.0	0.0	0.0
7.524e-07	0.0	0.0	0.0
7.526e-07	0.0	0.0	0.0
7.528e-07	0.0	0.0	0.0
7.53e-07	0.0	0.0	0.0
7.532e-07	0.0	0.0	0.0
7.534e-07	0.0	0.0	0.0
7.536e-07	0.0	0.0	0.0
7.538e-07	0.0	0.0	0.0
7.54e-07	0.0	0.0	0.0
7.542e-07	0.0	0.0	0.0
7.544e-07	0.0	0.0	0.0
7.546e-07	0.0	0.0	0.0
7.548e-07	0.0	0.0	0.0
7.55e-07	0.0	0.0	0.0
7.552e-07	0.0	0.0	0.0
7.554e-07	0.0	0.0	0.0
7.556e-07	0.0	0.0	0.0
7.558e-07	0.0	0.0	0.0
7.56e-07	0.0	0.0	0.0
7.562e-07	0.0	0.0	0.0
7.564e-07	0.0	0.0	0.0
7.566e-07	0.0	0.0	0.0
7.568e-07	0.0	0.0	0.0
7.57e-07	0.0	0.0	0.0
7.572e-07	0.0	0.0	0.0
7.574e-07	0.0	0.0	0.0
7.576e-07	0.0	0.0	0.0
7.578e-07	0.0	0.0	0.0
7.58e-07	0.0	0.0	0.0
7.582e-07	0.0	0.0	0.0
7.584e-07	0.0	0.0	0.0
7.586e-07	0.0	0.0	0.0
7.588e-07	0.0	0.0	0.0
7.59e-07	0.0	0.0	0.0
7.592e-07	0.0	0.0	0.0
7.594e-07	0.0	0.0	0.0
7.596e-07	0.0	0.0	0.0
7.598e-07	0.0	0.0	0.0
7.6e-07	0.0	0.0	0.0
7.602e-07	0.0	0.0	0.0
7.604e-07	0.0	0.0	0.0
7.606e-07	0.0	0.0	0.0
7.608e-07	0.0	0.0	0.0
7.61e-07	0.0	0.0	0.0
7.612e-07	0.0	0.0	0.0
7.614e-07	0.0	0.0	0.0
7.616e-07	0.0	0.0	0.0
7.618e-07	0.0	0.0	0.0
7.62e-07	0.0	0.0	0.0
7.622e-07	0.0	0.0	0.0
7.624e-07	0.0	0.0	0.0
7.626e-07	0.0	0.0	0.0
7.628e-07	0.0	0.0	0.0
7.63e-07	0.0	0.0	0.0
7.632e-07	0.0	0.0	0.0
7.634e-07	0.0	0.0	0.0
7.636e-07	0.0	0.0	0.0
7.638e-07	0.0	0.0	0.0
7.64e-07	0.0	0.0	0.0
7.642e-07	0.0	0.0	0.0
7.644e-07	0.0	0.0	0.0
7.646e-07	0.0	0.0	0.0
7.648e-07	0.0	0.0	0.0
7.65e-07	0.0	0.0	0.0
7.652e-07	0.0	0.0	0.0
7.654e-07	0.0	0.0	0.0
7.656e-07	0.0	0.0	0.0
7.658e-07	0.0	0.0	0.0
7.66e-07	0.0	0.0	0.0
7.662e-07	0.0	0.0	0.0
7.664e-07	0.0	0.0	0.0
7.666e-07	0.0	0.0	0.0
7.668e-07	0.0	0.0	0.0
7.67e-07	0.0	0.0	0.0
7.672e-07	0.0	0.0	0.0
7.674e-07	0.0	0.0	0.0
7.676e-07	0.0	0.0	0.0
7.678e-07	0.0	0.0	0.0
7.68e-07	0.0	0.0	0.0
7.682e-07	0.0	0.0	0.0
7.684e-07	0.0	0.0	0.0
7.686e-07	0.0	0.0	0.0
7.688e-07	0.0	0.0	0.0
7.69e-07	0.0	0.0	0.0
7.692e-07	0.0	0.0	0.0
7.694e-07	0.0	0.0	0.0
7.696e-07	0.0	0.0	0.0
7.698e-07	0.0	0.0	0.0
7.7e-07	0.0	0.0	0.0
7.702e-07	0.0	0.0	0.0
7.704e-07	0.0	0.0	0.0
7.706e-07	0.0	0.0	0.0
7.708e-07	0.0	0.0	0.0
7.71e-07	0.0	0.0	0.0
7.712e-07	0.0	0.0	0.0
7.714e-07	0.0	0.0	0.0
7.716e-07	0.0	0.0	0.0
7.718e-07	0.0	0.0	0.0
7.72e-07	0.0	0.0	0.0
7.722e-07	0.0	0.0	0.0
7.724e-07	0.0	0.0	0.0
7.726e-07	0.0	0.0	0.0
7.728e-07	0.0	0.0	0.0
7.73e-07	0.0	0.0	0.0
7.732e-07	0.0	0.0	0.0
7.734e-07	0.0	0.0	0.0
7.736e-07	0.0	0.0	0.0
7.738e-07	0.0	0.0	0.0
7.74e-07	0.0	0.0	0.0
7.742e-07	0.0	0.0	0.0
7.744e-07	0.0	0.0	0.0
7.746e-07	0.0	0.0	0.0
7.748e-07	0.0	0.0	0.0
7.75e-07	0.0	0.0	0.0
7.752e-07	0.0	0.0	0.0
7.754e-07	0.0	0.0	0.0
7.756e-07	0.0	0.0	0.0
7.758e-07	0.0	0.0	0.0
7.76e-07	0.0	0.0	0.0
7.762e-07	0.0	0.0	0.0
7.764e-07	0.0	0.0	0.0
7.766e-07	0.0	0.0	0.0
7.768e-07	0.0	0.0	0.0
7.77e-07	0.0	0.0	0.0
7.772e-07	0.0	0.0	0.0
7.774e-07	0.0	0.0	0.0
7.776e-07	0.0	0.0	0.0
7.778e-07	0.0	0.0	0.0
7.78e-07	0.0	0.0	0.0
7.782e-07	0.0	0.0	0.0
7.784e-07	0.0	0.0	0.0
7.786e-07	0.0	0.0	0.0
7.788e-07	0.0	0.0	0.0
7.79e-07	0.0	0.0	0.0
7.792e-07	0.0	0.0	0.0
7.794e-07	0.0	0.0	0.0
7.796e-07	0.0	0.0	0.0
7.798e-07	0.0	0.0	0.0
7.8e-07	0.0	0.0	0.0
7.802e-07	0.0	0.0	0.0
7.804e-07	0.0	0.0	0.0
7.806e-07	0.0	0.0	0.0
7.808e-07	0.0	0.0	0.0
7.81e-07	0.0	0.0	0.0
7.812e-07	0.0	0.0	0.0
7.814e-07	0.0	0.0	0.0
7.816e-07	0.0	0.0	0.0
7.818e-07	0.0	0.0	0.0
7.82e-07	0.0	0.0	0.0
7.822e-07	0.0	0.0	0.0
7.824e-07	0.0	0.0	0.0
7.826e-07	0.0	0.0	0.0
7.828e-07	0.0	0.0	0.0
7.83e-07	0.0	0.0	0.0
7.832e-07	0.0	0.0	0.0
7.834e-07	0.0	0.0	0.0
7.836e-07	0.0	0.0	0.0
7.838e-07	0.0	0.0	0.0
7.84e-07	0.0	0.0	0.0
7.842e-07	0.0	0.0	0.0
7.844e-07	0.0	0.0	0.0
7.846e-07	0.0	0.0	0.0
7.848e-07	0.0	0.0	0.0
7.85e-07	0.0	0.0	0.0
7.852e-07	0.0	0.0	0.0
7.854e-07	0.0	0.0	0.0
7.856e-07	0.0	0.0	0.0
7.858e-07	0.0	0.0	0.0
7.86e-07	0.0	0.0	0.0
7.862e-07	0.0	0.0	0.0
7.864e-07	0.0	0.0	0.0
7.866e-07	0.0	0.0	0.0
7.868e-07	0.0	0.0	0.0
7.87e-07	0.0	0.0	0.0
7.872e-07	0.0	0.0	0.0
7.874e-07	0.0	0.0	0.0
7.876e-07	0.0	0.0	0.0
7.878e-07	0.0	0.0	0.0
7.88e-07	0.0	0.0	0.0
7.882e-07	0.0	0.0	0.0
7.884e-07	0.0	0.0	0.0
7.886e-07	0.0	0.0	0.0
7.888e-07	0.0	0.0	0.0
7.89e-07	0.0	0.0	0.0
7.892e-07	0.0	0.0	0.0
7.894e-07	0.0	0.0	0.0
7.896e-07	0.0	0.0	0.0
7.898e-07	0.0	0.0	0.0
7.9e-07	0.0	0.0	0.0
7.902e-07	0.0	0.0	0.0
7.904e-07	0.0	0.0	0.0
7.906e-07	0.0	0.0	0.0
7.908e-07	0.0	0.0	0.0
7.91e-07	0.0	0.0	0.0
7.912e-07	0.0	0.0	0.0
7.914e-07	0.0	0.0	0.0
7.916e-07	0.0	0.0	0.0
7.918e-07	0.0	0.0	0.0
7.92e-07	0.0	0.0	0.0
7.922e-07	0.0	0.0	0.0
7.924e-07	0.0	0.0	0.0
7.926e-07	0.0	0.0	0.0
7.928e-07	0.0	0.0	0.0
7.93e-07	0.0	0.0	0.0
7.932e-07	0.0	0.0	0.0
7.934e-07	0.0	0.0	0.0
7.936e-07	0.0	0.0	0.0
7.938e-07	0.0	0.0	0.0
7.94e-07	0.0	0.0	0.0
7.942e-07	0.0	0.0	0.0
7.944e-07	0.0	0.0	0.0
7.946e-07	0.0	0.0	0.0
7.948e-07	0.0	0.0	0.0
7.95e-07	0.0	0.0	0.0
7.952e-07	0.0	0.0	0.0
7.954e-07	0.0	0.0	0.0
7.956e-07	0.0	0.0	0.0
7.958e-07	0.0	0.0	0.0
7.96e-07	0.0	0.0	0.0
7.962e-07	0.0	0.0	0.0
7.964e-07	0.0	0.0	0.0
7.966e-07	0.0	0.0	0.0
7.968e-07	0.0	0.0	0.0
7.97e-07	0.0	0.0	0.0
7.972e-07	0.0	0.0	0.0
7.974e-07	0.0	0.0	0.0
7.976e-07	0.0	0.0	0.0
7.978e-07	0.0	0.0	0.0
7.98e-07	0.0	0.0	0.0
7.982e-07	0.0	0.0	0.0
7.984e-07	0.0	0.0	0.0
7.986e-07	0.0	0.0	0.0
7.988e-07	0.0	0.0	0.0
7.99e-07	0.0	0.0	0.0
7.992e-07	0.0	0.0	0.0
7.994e-07	0.0	0.0	0.0
7.996e-07	0.0	0.0	0.0
7.998e-07	0.0	0.0	0.0
8e-07	0.0	0.0	0.0
8.002e-07	0.0	0.0	0.0
8.004e-07	0.0	0.0	0.0
8.006e-07	0.0	0.0	0.0
8.008e-07	0.0	0.0	0.0
8.01e-07	0.0	0.0	0.0
8.012e-07	0.0	0.0	0.0
8.014e-07	0.0	0.0	0.0
8.016e-07	0.0	0.0	0.0
8.018e-07	0.0	0.0	0.0
8.02e-07	0.0	0.0	0.0
8.022e-07	0.0	0.0	0.0
8.024e-07	0.0	0.0	0.0
8.026e-07	0.0	0.0	0.0
8.028e-07	0.0	0.0	0.0
8.03e-07	0.0	0.0	0.0
8.032e-07	0.0	0.0	0.0
8.034e-07	0.0	0.0	0.0
8.036e-07	0.0	0.0	0.0
8.038e-07	0.0	0.0	0.0
8.04e-07	0.0	0.0	0.0
8.042e-07	0.0	0.0	0.0
8.044e-07	0.0	0.0	0.0
8.046e-07	0.0	0.0	0.0
8.048e-07	0.0	0.0	0.0
8.05e-07	0.0	0.0	0.0
8.052e-07	0.0	0.0	0.0
8.054e-07	0.0	0.0	0.0
8.056e-07	0.0	0.0	0.0
8.058e-07	0.0	0.0	0.0
8.06e-07	0.0	0.0	0.0
8.062e-07	0.0	0.0	0.0
8.064e-07	0.0	0.0	0.0
8.066e-07	0.0	0.0	0.0
8.068e-07	0.0	0.0	0.0
8.07e-07	0.0	0.0	0.0
8.072e-07	0.0	0.0	0.0
8.074e-07	0.0	0.0	0.0
8.076e-07	0.0	0.0	0.0
8.078e-07	0.0	0.0	0.0
8.08e-07	0.0	0.0	0.0
8.082e-07	0.0	0.0	0.0
8.084e-07	0.0	0.0	0.0
8.086e-07	0.0	0.0	0.0
8.088e-07	0.0	0.0	0.0
8.09e-07	0.0	0.0	0.0
8.092e-07	0.0	0.0	0.0
8.094e-07	0.0	0.0	0.0
8.096e-07	0.0	0.0	0.0
8.098e-07	0.0	0.0	0.0
8.1e-07	0.0	0.0	0.0
8.102e-07	0.0	0.0	0.0
8.104e-07	0.0	0.0	0.0
8.106e-07	0.0	0.0	0.0
8.108e-07	0.0	0.0	0.0
8.11e-07	0.0	0.0	0.0
8.112e-07	0.0	0.0	0.0
8.114e-07	0.0	0.0	0.0
8.116e-07	0.0	0.0	0.0
8.118e-07	0.0	0.0	0.0
8.12e-07	0.0	0.0	0.0
8.122e-07	0.0	0.0	0.0
8.124e-07	0.0	0.0	0.0
8.126e-07	0.0	0.0	0.0
8.128e-07	0.0	0.0	0.0
8.13e-07	0.0	0.0	0.0
8.132e-07	0.0	0.0	0.0
8.134e-07	0.0	0.0	0.0
8.136e-07	0.0	0.0	0.0
8.138e-07	0.0	0.0	0.0
8.14e-07	0.0	0.0	0.0
8.142e-07	0.0	0.0	0.0
8.144e-07	0.0	0.0	0.0
8.146e-07	0.0	0.0	0.0
8.148e-07	0.0	0.0	0.0
8.15e-07	0.0	0.0	0.0
8.152e-07	0.0	0.0	0.0
8.154e-07	0.0	0.0	0.0
8.156e-07	0.0	0.0	0.0
8.158e-07	0.0	0.0	0.0
8.16e-07	0.0	0.0	0.0
8.162e-07	0.0	0.0	0.0
8.164e-07	0.0	0.0	0.0
8.166e-07	0.0	0.0	0.0
8.168e-07	0.0	0.0	0.0
8.17e-07	0.0	0.0	0.0
8.172e-07	0.0	0.0	0.0
8.174e-07	0.0	0.0	0.0
8.176e-07	0.0	0.0	0.0
8.178e-07	0.0	0.0	0.0
8.18e-07	0.0	0.0	0.0
8.182e-07	0.0	0.0	0.0
8.184e-07	0.0	0.0	0.0
8.186e-07	0.0	0.0	0.0
8.188e-07	0.0	0.0	0.0
8.19e-07	0.0	0.0	0.0
8.192e-07	0.0	0.0	0.0
8.194e-07	0.0	0.0	0.0
8.196e-07	0.0	0.0	0.0
8.198e-07	0.0	0.0	0.0
8.2e-07	0.0	0.0	0.0
8.202e-07	0.0	0.0	0.0
8.204e-07	0.0	0.0	0.0
8.206e-07	0.0	0.0	0.0
8.208e-07	0.0	0.0	0.0
8.21e-07	0.0	0.0	0.0
8.212e-07	0.0	0.0	0.0
8.214e-07	0.0	0.0	0.0
8.216e-07	0.0	0.0	0.0
8.218e-07	0.0	0.0	0.0
8.22e-07	0.0	0.0	0.0
8.222e-07	0.0	0.0	0.0
8.224e-07	0.0	0.0	0.0
8.226e-07	0.0	0.0	0.0
8.228e-07	0.0	0.0	0.0
8.23e-07	0.0	0.0	0.0
8.232e-07	0.0	0.0	0.0
8.234e-07	0.0	0.0	0.0
8.236e-07	0.0	0.0	0.0
8.238e-07	0.0	0.0	0.0
8.24e-07	0.0	0.0	0.0
8.242e-07	0.0	0.0	0.0
8.244e-07	0.0	0.0	0.0
8.246e-07	0.0	0.0	0.0
8.248e-07	0.0	0.0	0.0
8.25e-07	0.0	0.0	0.0
8.252e-07	0.0	0.0	0.0
8.254e-07	0.0	0.0	0.0
8.256e-07	0.0	0.0	0.0
8.258e-07	0.0	0.0	0.0
8.26e-07	0.0	0.0	0.0
8.262e-07	0.0	0.0	0.0
8.264e-07	0.0	0.0	0.0
8.266e-07	0.0	0.0	0.0
8.268e-07	0.0	0.0	0.0
8.27e-07	0.0	0.0	0.0
8.272e-07	0.0	0.0	0.0
8.274e-07	0.0	0.0	0.0
8.276e-07	0.0	0.0	0.0
8.278e-07	0.0	0.0	0.0
8.28e-07	0.0	0.0	0.0
8.282e-07	0.0	0.0	0.0
8.284e-07	0.0	0.0	0.0
8.286e-07	0.0	0.0	0.0
8.288e-07	0.0	0.0	0.0
8.29e-07	0.0	0.0	0.0
8.292e-07	0.0	0.0	0.0
8.294e-07	0.0	0.0	0.0
8.296e-07	0.0	0.0	0.0
8.298e-07	0.0	0.0	0.0
8.3e-07	0.0	0.0	0.0
8.302e-07	0.0	0.0	0.0
8.304e-07	0.0	0.0	0.0
8.306e-07	0.0	0.0	0.0
8.308e-07	0.0	0.0	0.0
8.31e-07	0.0	0.0	0.0
8.312e-07	0.0	0.0	0.0
8.314e-07	0.0	0.0	0.0
8.316e-07	0.0	0.0	0.0
8.318e-07	0.0	0.0	0.0
8.32e-07	0.0	0.0	0.0
8.322e-07	0.0	0.0	0.0
8.324e-07	0.0	0.0	0.0
8.326e-07	0.0	0.0	0.0
8.328e-07	0.0	0.0	0.0
8.33e-07	0.0	0.0	0.0
8.332e-07	0.0	0.0	0.0
8.334e-07	0.0	0.0	0.0
8.336e-07	0.0	0.0	0.0
8.338e-07	0.0	0.0	0.0
8.34e-07	0.0	0.0	0.0
8.342e-07	0.0	0.0	0.0
8.344e-07	0.0	0.0	0.0
8.346e-07	0.0	0.0	0.0
8.348e-07	0.0	0.0	0.0
8.35e-07	0.0	0.0	0.0
8.352e-07	0.0	0.0	0.0
8.354e-07	0.0	0.0	0.0
8.356e-07	0.0	0.0	0.0
8.358e-07	0.0	0.0	0.0
8.36e-07	0.0	0.0	0.0
8.362e-07	0.0	0.0	0.0
8.364e-07	0.0	0.0	0.0
8.366e-07	0.0	0.0	0.0
8.368e-07	0.0	0.0	0.0
8.37e-07	0.0	0.0	0.0
8.372e-07	0.0	0.0	0.0
8.374e-07	0.0	0.0	0.0
8.376e-07	0.0	0.0	0.0
8.378e-07	0.0	0.0	0.0
8.38e-07	0.0	0.0	0.0
8.382e-07	0.0	0.0	0.0
8.384e-07	0.0	0.0	0.0
8.386e-07	0.0	0.0	0.0
8.388e-07	0.0	0.0	0.0
8.39e-07	0.0	0.0	0.0
8.392e-07	0.0	0.0	0.0
8.394e-07	0.0	0.0	0.0
8.396e-07	0.0	0.0	0.0
8.398e-07	0.0	0.0	0.0
8.4e-07	0.0	0.0	0.0
8.402e-07	0.0	0.0	0.0
8.404e-07	0.0	0.0	0.0
8.406e-07	0.0	0.0	0.0
8.408e-07	0.0	0.0	0.0
8.41e-07	0.0	0.0	0.0
8.412e-07	0.0	0.0	0.0
8.414e-07	0.0	0.0	0.0
8.416e-07	0.0	0.0	0.0
8.418e-07	0.0	0.0	0.0
8.42e-07	0.0	0.0	0.0
8.422e-07	0.0	0.0	0.0
8.424e-07	0.0	0.0	0.0
8.426e-07	0.0	0.0	0.0
8.428e-07	0.0	0.0	0.0
8.43e-07	0.0	0.0	0.0
8.432e-07	0.0	0.0	0.0
8.434e-07	0.0	0.0	0.0
8.436e-07	0.0	0.0	0.0
8.438e-07	0.0	0.0	0.0
8.44e-07	0.0	0.0	0.0
8.442e-07	0.0	0.0	0.0
8.444e-07	0.0	0.0	0.0
8.446e-07	0.0	0.0	0.0
8.448e-07	0.0	0.0	0.0
8.45e-07	0.0	0.0	0.0
8.452e-07	0.0	0.0	0.0
8.454e-07	0.0	0.0	0.0
8.456e-07	0.0	0.0	0.0
8.458e-07	0.0	0.0	0.0
8.46e-07	0.0	0.0	0.0
8.462e-07	0.0	0.0	0.0
8.464e-07	0.0	0.0	0.0
8.466e-07	0.0	0.0	0.0
8.468e-07	0.0	0.0	0.0
8.47e-07	0.0	0.0	0.0
8.472e-07	0.0	0.0	0.0
8.474e-07	0.0	0.0	0.0
8.476e-07	0.0	0.0	0.0
8.478e-07	0.0	0.0	0.0
8.48e-07	0.0	0.0	0.0
8.482e-07	0.0	0.0	0.0
8.484e-07	0.0	0.0	0.0
8.486e-07	0.0	0.0	0.0
8.488e-07	0.0	0.0	0.0
8.49e-07	0.0	0.0	0.0
8.492e-07	0.0	0.0	0.0
8.494e-07	0.0	0.0	0.0
8.496e-07	0.0	0.0	0.0
8.498e-07	0.0	0.0	0.0
8.5e-07	0.0	0.0	0.0
8.502e-07	0.0	0.0	0.0
8.504e-07	0.0	0.0	0.0
8.506e-07	0.0	0.0	0.0
8.508e-07	0.0	0.0	0.0
8.51e-07	0.0	0.0	0.0
8.512e-07	0.0	0.0	0.0
8.514e-07	0.0	0.0	0.0
8.516e-07	0.0	0.0	0.0
8.518e-07	0.0	0.0	0.0
8.52e-07	0.0	0.0	0.0
8.522e-07	0.0	0.0	0.0
8.524e-07	0.0	0.0	0.0
8.526e-07	0.0	0.0	0.0
8.528e-07	0.0	0.0	0.0
8.53e-07	0.0	0.0	0.0
8.532e-07	0.0	0.0	0.0
8.534e-07	0.0	0.0	0.0
8.536e-07	0.0	0.0	0.0
8.538e-07	0.0	0.0	0.0
8.54e-07	0.0	0.0	0.0
8.542e-07	0.0	0.0	0.0
8.544e-07	0.0	0.0	0.0
8.546e-07	0.0	0.0	0.0
8.548e-07	0.0	0.0	0.0
8.55e-07	0.0	0.0	0.0
8.552e-07	0.0	0.0	0.0
8.554e-07	0.0	0.0	0.0
8.556e-07	0.0	0.0	0.0
8.558e-07	0.0	0.0	0.0
8.56e-07	0.0	0.0	0.0
8.562e-07	0.0	0.0	0.0
8.564e-07	0.0	0.0	0.0
8.566e-07	0.0	0.0	0.0
8.568e-07	0.0	0.0	0.0
8.57e-07	0.0	0.0	0.0
8.572e-07	0.0	0.0	0.0
8.574e-07	0.0	0.0	0.0
8.576e-07	0.0	0.0	0.0
8.578e-07	0.0	0.0	0.0
8.58e-07	0.0	0.0	0.0
8.582e-07	0.0	0.0	0.0
8.584e-07	0.0	0.0	0.0
8.586e-07	0.0	0.0	0.0
8.588e-07	0.0	0.0	0.0
8.59e-07	0.0	0.0	0.0
8.592e-07	0.0	0.0	0.0
8.594e-07	0.0	0.0	0.0
8.596e-07	0.0	0.0	0.0
8.598e-07	0.0	0.0	0.0
8.6e-07	0.0	0.0	0.0
8.602e-07	0.0	0.0	0.0
8.604e-07	0.0	0.0	0.0
8.606e-07	0.0	0.0	0.0
8.608e-07	0.0	0.0	0.0
8.61e-07	0.0	0.0	0.0
8.612e-07	0.0	0.0	0.0
8.614e-07	0.0	0.0	0.0
8.616e-07	0.0	0.0	0.0
8.618e-07	0.0	0.0	0.0
8.62e-07	0.0	0.0	0.0
8.622e-07	0.0	0.0	0.0
8.624e-07	0.0	0.0	0.0
8.626e-07	0.0	0.0	0.0
8.628e-07	0.0	0.0	0.0
8.63e-07	0.0	0.0	0.0
8.632e-07	0.0	0.0	0.0
8.634e-07	0.0	0.0	0.0
8.636e-07	0.0	0.0	0.0
8.638e-07	0.0	0.0	0.0
8.64e-07	0.0	0.0	0.0
8.642e-07	0.0	0.0	0.0
8.644e-07	0.0	0.0	0.0
8.646e-07	0.0	0.0	0.0
8.648e-07	0.0	0.0	0.0
8.65e-07	0.0	0.0	0.0
8.652e-07	0.0	0.0	0.0
8.654e-07	0.0	0.0	0.0
8.656e-07	0.0	0.0	0.0
8.658e-07	0.0	0.0	0.0
8.66e-07	0.0	0.0	0.0
8.662e-07	0.0	0.0	0.0
8.664e-07	0.0	0.0	0.0
8.666e-07	0.0	0.0	0.0
8.668e-07	0.0	0.0	0.0
8.67e-07	0.0	0.0	0.0
8.672e-07	0.0	0.0	0.0
8.674e-07	0.0	0.0	0.0
8.676e-07	0.0	0.0	0.0
8.678e-07	0.0	0.0	0.0
8.68e-07	0.0	0.0	0.0
8.682e-07	0.0	0.0	0.0
8.684e-07	0.0	0.0	0.0
8.686e-07	0.0	0.0	0.0
8.688e-07	0.0	0.0	0.0
8.69e-07	0.0	0.0	0.0
8.692e-07	0.0	0.0	0.0
8.694e-07	0.0	0.0	0.0
8.696e-07	0.0	0.0	0.0
8.698e-07	0.0	0.0	0.0
8.7e-07	0.0	0.0	0.0
8.702e-07	0.0	0.0	0.0
8.704e-07	0.0	0.0	0.0
8.706e-07	0.0	0.0	0.0
8.708e-07	0.0	0.0	0.0
8.71e-07	0.0	0.0	0.0
8.712e-07	0.0	0.0	0.0
8.714e-07	0.0	0.0	0.0
8.716e-07	0.0	0.0	0.0
8.718e-07	0.0	0.0	0.0
8.72e-07	0.0	0.0	0.0
8.722e-07	0.0	0.0	0.0
8.724e-07	0.0	0.0	0.0
8.726e-07	0.0	0.0	0.0
8.728e-07	0.0	0.0	0.0
8.73e-07	0.0	0.0	0.0
8.732e-07	0.0	0.0	0.0
8.734e-07	0.0	0.0	0.0
8.736e-07	0.0	0.0	0.0
8.738e-07	0.0	0.0	0.0
8.74e-07	0.0	0.0	0.0
8.742e-07	0.0	0.0	0.0
8.744e-07	0.0	0.0	0.0
8.746e-07	0.0	0.0	0.0
8.748e-07	0.0	0.0	0.0
8.75e-07	0.0	0.0	0.0
8.752e-07	0.0	0.0	0.0
8.754e-07	0.0	0.0	0.0
8.756e-07	0.0	0.0	0.0
8.758e-07	0.0	0.0	0.0
8.76e-07	0.0	0.0	0.0
8.762e-07	0.0	0.0	0.0
8.764e-07	0.0	0.0	0.0
8.766e-07	0.0	0.0	0.0
8.768e-07	0.0	0.0	0.0
8.77e-07	0.0	0.0	0.0
8.772e-07	0.0	0.0	0.0
8.774e-07	0.0	0.0	0.0
8.776e-07	0.0	0.0	0.0
8.778e-07	0.0	0.0	0.0
8.78e-07	0.0	0.0	0.0
8.782e-07	0.0	0.0	0.0
8.784e-07	0.0	0.0	0.0
8.786e-07	0.0	0.0	0.0
8.788e-07	0.0	0.0	0.0
8.79e-07	0.0	0.0	0.0
8.792e-07	0.0	0.0	0.0
8.794e-07	0.0	0.0	0.0
8.796e-07	0.0	0.0	0.0
8.798e-07	0.0	0.0	0.0
8.8e-07	0.0	0.0	0.0
8.802e-07	0.0	0.0	0.0
8.804e-07	0.0	0.0	0.0
8.806e-07	0.0	0.0	0.0
8.808e-07	0.0	0.0	0.0
8.81e-07	0.0	0.0	0.0
8.812e-07	0.0	0.0	0.0
8.814e-07	0.0	0.0	0.0
8.816e-07	0.0	0.0	0.0
8.818e-07	0.0	0.0	0.0
8.82e-07	0.0	0.0	0.0
8.822e-07	0.0	0.0	0.0
8.824e-07	0.0	0.0	0.0
8.826e-07	0.0	0.0	0.0
8.828e-07	0.0	0.0	0.0
8.83e-07	0.0	0.0	0.0
8.832e-07	0.0	0.0	0.0
8.834e-07	0.0	0.0	0.0
8.836e-07	0.0	0.0	0.0
8.838e-07	0.0	0.0	0.0
8.84e-07	0.0	0.0	0.0
8.842e-07	0.0	0.0	0.0
8.844e-07	0.0	0.0	0.0
8.846e-07	0.0	0.0	0.0
8.848e-07	0.0	0.0	0.0
8.85e-07	0.0	0.0	0.0
8.852e-07	0.0	0.0	0.0
8.854e-07	0.0	0.0	0.0
8.856e-07	0.0	0.0	0.0
8.858e-07	0.0	0.0	0.0
8.86e-07	0.0	0.0	0.0
8.862e-07	0.0	0.0	0.0
8.864e-07	0.0	0.0	0.0
8.866e-07	0.0	0.0	0.0
8.868e-07	0.0	0.0	0.0
8.87e-07	0.0	0.0	0.0
8.872e-07	0.0	0.0	0.0
8.874e-07	0.0	0.0	0.0
8.876e-07	0.0	0.0	0.0
8.878e-07	0.0	0.0	0.0
8.88e-07	0.0	0.0	0.0
8.882e-07	0.0	0.0	0.0
8.884e-07	0.0	0.0	0.0
8.886e-07	0.0	0.0	0.0
8.888e-07	0.0	0.0	0.0
8.89e-07	0.0	0.0	0.0
8.892e-07	0.0	0.0	0.0
8.894e-07	0.0	0.0	0.0
8.896e-07	0.0	0.0	0.0
8.898e-07	0.0	0.0	0.0
8.9e-07	0.0	0.0	0.0
8.902e-07	0.0	0.0	0.0
8.904e-07	0.0	0.0	0.0
8.906e-07	0.0	0.0	0.0
8.908e-07	0.0	0.0	0.0
8.91e-07	0.0	0.0	0.0
