4.708e-07	0.0	0.0	0.0
4.71e-07	0.0	0.0	0.0
4.712e-07	0.0	0.0	0.0
4.714e-07	0.0	0.0	0.0
4.716e-07	0.0	0.0	0.0
4.718e-07	0.0	0.0	0.0
4.72e-07	0.0	0.0	0.0
4.722e-07	0.0	0.0	0.0
4.724e-07	0.0	0.0	0.0
4.726e-07	0.0	0.0	0.0
4.728e-07	0.0	0.0	0.0
4.73e-07	0.0	0.0	0.0
4.732e-07	0.0	0.0	0.0
4.734e-07	0.0	0.0	0.0
4.736e-07	0.0	0.0	0.0
4.738e-07	0.0	0.0	0.0
4.74e-07	0.0	0.0	0.0
4.742e-07	0.0	0.0	0.0
4.744e-07	0.0	0.0	0.0
4.746e-07	0.0	0.0	0.0
4.748e-07	0.0	0.0	0.0
4.75e-07	0.0	0.0	0.0
4.752e-07	0.0	0.0	0.0
4.754e-07	0.0	0.0	0.0
4.756e-07	0.0	0.0	0.0
4.758e-07	0.0	0.0	0.0
4.76e-07	0.0	0.0	0.0
4.762e-07	0.0	0.0	0.0
4.764e-07	0.0	0.0	0.0
4.766e-07	0.0	0.0	0.0
4.768e-07	0.0	0.0	0.0
4.77e-07	0.0	0.0	0.0
4.772e-07	0.0	0.0	0.0
4.774e-07	0.0	0.0	0.0
4.776e-07	0.0	0.0	0.0
4.778e-07	0.0	0.0	0.0
4.78e-07	0.0	0.0	0.0
4.782e-07	0.0	0.0	0.0
4.784e-07	0.0	0.0	0.0
4.786e-07	0.0	0.0	0.0
4.788e-07	0.0	0.0	0.0
4.79e-07	0.0	0.0	0.0
4.792e-07	0.0	0.0	0.0
4.794e-07	0.0	0.0	0.0
4.796e-07	0.0	0.0	0.0
4.798e-07	0.0	0.0	0.0
4.8e-07	0.0	0.0	0.0
4.802e-07	0.0	0.0	0.0
4.804e-07	0.0	0.0	0.0
4.806e-07	0.0	0.0	0.0
4.808e-07	0.0	0.0	0.0
4.81e-07	0.0	0.0	0.0
4.812e-07	0.0	0.0	0.0
4.814e-07	0.0	0.0	0.0
4.816e-07	0.0	0.0	0.0
4.818e-07	0.0	0.0	0.0
4.82e-07	0.0	0.0	0.0
4.822e-07	0.0	0.0	0.0
4.824e-07	0.0	0.0	0.0
4.826e-07	0.0	0.0	0.0
4.828e-07	0.0	0.0	0.0
4.83e-07	0.0	0.0	0.0
4.832e-07	0.0	0.0	0.0
4.834e-07	0.0	0.0	0.0
4.836e-07	0.0	0.0	0.0
4.838e-07	0.0	0.0	0.0
4.84e-07	0.0	0.0	0.0
4.842e-07	0.0	0.0	0.0
4.844e-07	0.0	0.0	0.0
4.846e-07	0.0	0.0	0.0
4.848e-07	0.0	0.0	0.0
4.85e-07	0.0	0.0	0.0
4.852e-07	0.0	0.0	0.0
4.854e-07	0.0	0.0	0.0
4.856e-07	0.0	0.0	0.0
4.858e-07	0.0	0.0	0.0
4.86e-07	0.0	0.0	0.0
4.862e-07	0.0	0.0	0.0
4.864e-07	0.0	0.0	0.0
4.866e-07	0.0	0.0	0.0
4.868e-07	0.0	0.0	0.0
4.87e-07	0.0	0.0	0.0
4.872e-07	0.0	0.0	0.0
4.874e-07	0.0	0.0	0.0
4.876e-07	0.0	0.0	0.0
4.878e-07	0.0	0.0	0.0
4.88e-07	0.0	0.0	0.0
4.882e-07	0.0	0.0	0.0
4.884e-07	0.0	0.0	0.0
4.886e-07	0.0	0.0	0.0
4.888e-07	0.0	0.0	0.0
4.89e-07	0.0	0.0	0.0
4.892e-07	0.0	0.0	0.0
4.894e-07	0.0	0.0	0.0
4.896e-07	0.0	0.0	0.0
4.898e-07	0.0	0.0	0.0
4.9e-07	0.0	0.0	0.0
4.902e-07	0.0	0.0	0.0
4.904e-07	0.0	0.0	0.0
4.906e-07	0.0	0.0	0.0
4.908e-07	-2.02260409758e-16	2.99075760052e-15	3.65216385057e-16
4.91e-07	2.93943557886e-16	2.30579583369e-17	4.13149664666e-18
4.912e-07	-3.06017054507e-16	1.62211684656e-17	4.80334031922e-18
4.914e-07	4.37174335283e-15	-1.1172823141e-14	-1.37205946067e-15
4.916e-07	3.07436389585e-15	8.02924679813e-14	9.90541879236e-15
4.918e-07	-7.56649631059e-15	-6.90934619379e-14	-8.50796370721e-15
4.92e-07	8.40981124989e-17	-1.22067366063e-17	3.20249675512e-19
4.922e-07	5.22829238076e-17	-1.2910975283e-16	-1.45171490801e-17
4.924e-07	-2.22356922677e-14	-2.77174589692e-14	-3.09645728274e-15
4.926e-07	2.23468414136e-14	2.7690214264e-14	3.10707946267e-15
4.928e-07	9.65519162243e-17	-4.1944648328e-17	-2.12068415379e-18
4.93e-07	5.68881604256e-16	-6.52472769592e-16	-6.7146587229e-17
4.932e-07	-8.0595496399e-16	8.72974682188e-16	1.19790778865e-16
4.934e-07	1.95733341117e-16	-2.22648624188e-16	-2.30452359818e-17
4.936e-07	8.84220201984e-15	-4.50466203553e-16	-5.36333254861e-17
4.938e-07	-1.12097303519e-14	7.99737347178e-15	1.00984184503e-15
4.94e-07	2.89129422645e-15	-9.51580015018e-15	-1.11928282404e-15
4.942e-07	1.12316572727e-14	-2.11961593493e-14	-2.69972407527e-15
4.944e-07	-1.20068909634e-14	2.26731424788e-14	2.86961088073e-15
4.946e-07	-9.32342195476e-15	1.06076259111e-15	1.75215079193e-16
4.948e-07	-3.22592409763e-15	1.13918767266e-14	1.37514845105e-15
4.95e-07	2.056955293e-14	-1.17908367094e-14	-1.4272078719e-15
4.952e-07	-6.56287324089e-15	6.94292019511e-15	1.02595027224e-15
4.954e-07	-7.75553212306e-15	-6.68421472304e-15	-7.72321436445e-16
4.956e-07	1.4206697252e-14	3.29328812522e-14	3.65045015439e-15
4.958e-07	-7.98961689573e-15	-3.1023656665e-14	-3.45748633426e-15
4.96e-07	9.42596043744e-15	1.54766170859e-14	1.90660098231e-15
4.962e-07	-8.25685325136e-15	-1.16824635109e-14	-1.39312608186e-15
4.964e-07	2.75931726435e-14	-5.08797862593e-14	-5.52810762488e-15
4.966e-07	-2.81237129195e-14	5.12049321855e-14	5.60501062165e-15
4.968e-07	1.08217494637e-14	-5.40497215037e-15	-5.81613447834e-16
4.97e-07	-4.99051738697e-15	-1.71298594157e-15	1.43335635379e-16
4.972e-07	-1.53489274515e-14	1.03185672331e-14	8.77323130144e-16
4.974e-07	5.06137723378e-15	-3.64218252132e-15	-4.13839174316e-16
4.976e-07	3.54686229128e-15	6.46576183661e-15	7.37193951887e-16
4.978e-07	-4.74440871811e-15	-9.79753254103e-15	-1.19803198283e-15
4.98e-07	1.79545400686e-15	1.69712826077e-15	3.60192229843e-16
4.982e-07	1.35088979381e-14	-1.86072647512e-14	-2.1481096905e-15
4.984e-07	8.34850928525e-15	2.4291617868e-14	2.62174013944e-15
4.986e-07	-4.3286756922e-14	-1.61910284367e-14	-2.07888421565e-15
4.988e-07	3.78874437839e-14	1.74635808613e-14	2.17552833889e-15
4.99e-07	4.04581247978e-14	-4.4874255819e-14	-5.03526922935e-15
4.992e-07	-6.67965973003e-14	4.24716718721e-14	5.1843500041e-15
4.994e-07	9.03148677279e-15	-2.07096411321e-14	-2.29553208714e-15
4.996e-07	-1.07453718456e-14	-1.94783721084e-14	-2.30633507027e-15
4.998e-07	-2.97858854533e-14	7.04108523881e-14	7.8606856412e-15
5e-07	5.26193645302e-14	-4.15714852019e-14	-4.29881739346e-15
5.002e-07	-2.78500011975e-15	5.48441585769e-14	7.02694247445e-15
5.004e-07	2.93129958514e-15	-4.78950619505e-14	-6.11314412099e-15
5.006e-07	-6.9171796563e-15	5.44013127265e-14	6.53412893052e-15
5.008e-07	-1.13824052571e-14	-3.63308514155e-14	-3.78343276941e-15
5.01e-07	1.05621839011e-13	-2.50591545569e-14	-3.66993337357e-15
5.012e-07	-5.85067521615e-14	1.56379498204e-14	2.39426456624e-15
5.014e-07	-2.95260554572e-14	-1.0656459108e-14	-9.84578717471e-16
5.016e-07	2.03525027081e-14	2.9257661756e-14	2.51672649469e-15
5.018e-07	-1.29898419003e-15	-3.16819033027e-14	-2.619905471e-15
5.02e-07	-9.08044746209e-15	3.9500423968e-14	4.28145957648e-15
5.022e-07	-3.43085982427e-14	-4.32437756319e-14	-3.6788371057e-15
5.024e-07	5.50940708365e-14	6.07262743865e-14	5.74456564514e-15
5.026e-07	2.16919498789e-14	-1.30317942129e-13	-1.34768115545e-14
5.028e-07	-6.92507343967e-14	1.84369351603e-13	2.01447274446e-14
5.03e-07	4.77920648808e-14	-7.78495174819e-14	-8.49059194998e-15
5.032e-07	2.91322190835e-15	-2.35363702134e-14	-2.27614810437e-15
5.034e-07	-3.26195086264e-14	-1.24972161573e-13	-1.20604745628e-14
5.036e-07	5.55265606298e-15	1.01172708584e-13	1.0529254964e-14
5.038e-07	-2.03703824244e-15	3.16029954404e-14	3.1879220523e-15
5.04e-07	-9.04803182053e-15	-1.25426571146e-13	-1.22342634884e-14
5.042e-07	-5.09289077512e-14	1.35007017709e-13	1.47938719236e-14
5.044e-07	6.96514839406e-14	2.05321721273e-14	1.94465431656e-15
5.046e-07	6.42729844651e-14	-7.33636384979e-14	-6.23932936935e-15
5.048e-07	-1.32991673536e-13	3.35895387775e-14	3.43833030359e-15
5.05e-07	1.53920546432e-14	-1.02991850571e-13	-8.38908882147e-15
5.052e-07	1.2074031114e-15	3.0453437619e-14	1.61933652218e-15
5.054e-07	-9.51757736511e-15	7.04511763368e-15	1.61958357956e-15
5.056e-07	9.51564342986e-14	3.34553645009e-14	4.22234846448e-15
5.058e-07	-1.26927409204e-13	7.76508165386e-14	9.84433167692e-15
5.06e-07	1.13443766633e-13	-9.21234139413e-14	-1.13807055816e-14
5.062e-07	-5.14944224978e-14	1.65091662332e-13	1.88796976395e-14
5.064e-07	9.72027462535e-14	-1.7635244484e-13	-1.73674154676e-14
5.066e-07	-1.70659518685e-13	9.50776142514e-14	1.23961353657e-14
5.068e-07	-1.04343635343e-13	9.38339803738e-14	1.18618410226e-14
5.07e-07	3.29146454021e-13	-1.86140997743e-13	-1.91487160719e-14
5.072e-07	-1.44880587063e-13	1.75185278347e-13	1.85529214446e-14
5.074e-07	-1.02547089202e-13	5.88967974992e-15	3.72039465252e-15
5.076e-07	1.32842934079e-13	-1.02197549369e-13	-1.07237597762e-14
5.078e-07	-1.32932568513e-13	1.04732692668e-13	1.34969184349e-14
5.08e-07	1.20679427596e-13	-1.95897196404e-14	-1.12768068563e-15
5.082e-07	1.64840532112e-14	2.29002176328e-13	2.33272651615e-14
5.084e-07	1.57830006895e-13	-3.69281907646e-13	-3.59351289348e-14
5.086e-07	-2.39831566833e-13	2.05136175666e-15	4.41521023738e-15
5.088e-07	1.21756497534e-13	1.15638883579e-13	1.35385129349e-14
5.09e-07	-1.70410441986e-13	-7.23977183732e-14	-3.58344592371e-15
5.092e-07	4.57289234044e-13	1.1730949852e-13	8.39965659853e-15
5.094e-07	-2.10471422851e-13	-1.09948663377e-13	-5.06367023032e-15
5.096e-07	-9.84839215025e-14	9.08806474458e-14	1.49167982124e-14
5.098e-07	-9.21793054163e-14	2.56058112986e-13	2.6258744546e-14
5.1e-07	-6.58822307454e-14	-1.15688137761e-13	-6.85047324339e-15
5.102e-07	1.68384003445e-13	-6.41103502567e-14	-4.49795470175e-15
5.104e-07	4.86751475316e-14	1.55530712293e-13	1.81201804067e-14
5.106e-07	-4.62899850059e-13	-4.04664060398e-13	-3.9773831389e-14
5.108e-07	3.39297222947e-13	6.33188941654e-14	1.37201424221e-14
5.11e-07	-1.29324535103e-13	3.49226450103e-13	3.40568175434e-14
5.112e-07	-8.14761467965e-14	7.62521141076e-14	1.21350750849e-14
5.114e-07	2.12879301666e-13	-5.26004237922e-13	-4.54639318902e-14
5.116e-07	8.25304527024e-14	3.95905280649e-13	4.09287671817e-14
5.118e-07	-1.97412430419e-13	-9.47428681945e-14	-4.67120172056e-15
5.12e-07	2.54450405932e-13	2.6591593491e-13	2.61296102015e-14
5.122e-07	-5.76514371502e-14	-7.24041590072e-14	-2.11855972409e-15
5.124e-07	1.08464667454e-13	-6.4196270221e-13	-5.78526458474e-14
5.126e-07	-1.6946823457e-13	5.33001688652e-13	5.43767923908e-14
5.128e-07	9.44599142151e-14	-5.72320869193e-13	-5.12490175016e-14
5.13e-07	-2.24689621208e-13	1.41397921276e-13	1.75867892724e-14
5.132e-07	-1.32047886695e-13	2.22286588423e-13	2.4217268417e-14
5.134e-07	1.90809458725e-13	2.88800592952e-13	3.14739604234e-14
5.136e-07	4.22960815755e-13	-2.72687830645e-13	-2.45453685654e-14
5.138e-07	-3.22591141376e-13	2.22765113009e-13	2.43986570703e-14
5.14e-07	9.00437113094e-14	-3.26585201606e-13	-2.7532530905e-14
5.142e-07	-5.33148217861e-15	3.75092383278e-13	3.79130736294e-14
5.144e-07	-1.21553171075e-13	-2.13224838661e-13	-1.70380910344e-14
5.146e-07	-3.23970398347e-14	-1.59563630977e-13	-1.2530951526e-14
5.148e-07	2.64705051622e-13	2.28166252497e-13	2.44301957047e-14
5.15e-07	9.49355006239e-14	1.43274678344e-14	1.35994465187e-15
5.152e-07	-3.71781276285e-13	-1.60126422027e-13	-1.54969510675e-14
5.154e-07	-4.30246172961e-13	2.3770537085e-13	2.64413042982e-14
5.156e-07	3.78813938215e-13	-1.47546321809e-13	-1.20534267967e-14
5.158e-07	1.83193366595e-14	-1.69260573193e-13	-1.54374667275e-14
5.16e-07	1.28525212434e-13	-2.43107141638e-13	-2.06677239397e-14
5.162e-07	-1.52098859274e-13	3.48922103664e-13	3.65255415271e-14
5.164e-07	-2.84421106647e-14	-5.72019266195e-14	-5.81821732033e-15
5.166e-07	-5.90123057005e-13	-3.61735143277e-13	-3.3218862084e-14
5.168e-07	4.38329723672e-13	5.16810669276e-13	4.91206312725e-14
5.17e-07	5.59834974498e-14	6.24678169509e-14	6.1091295744e-15
5.172e-07	-1.89871137756e-14	3.40268056303e-14	2.01219222995e-15
5.174e-07	-1.28117424999e-14	6.21621413558e-14	5.10473140865e-15
5.176e-07	-2.03144679848e-14	-8.01368293425e-14	-5.5647828321e-15
5.178e-07	-2.63815587964e-14	3.88934405751e-14	3.59504729048e-15
5.18e-07	3.94089877581e-14	6.58826157501e-16	1.26986229648e-16
5.182e-07	-2.04945041487e-15	7.85528315015e-14	7.10353582104e-15
5.184e-07	5.63137946242e-16	4.81147098127e-15	6.34940069016e-16
5.186e-07	1.92049414508e-15	-7.10662230912e-15	-7.14941008466e-16
5.188e-07	-4.68737833375e-15	1.03026378089e-14	1.04721145437e-15
5.19e-07	3.82897596266e-14	-1.7197048704e-14	-1.5796392711e-15
5.192e-07	-3.23100881728e-14	-1.5045222986e-14	-1.79418222189e-15
5.194e-07	-1.78839101351e-14	-4.18417178163e-15	-2.16748041158e-16
5.196e-07	1.94082021502e-15	5.34128525381e-15	4.16156865307e-16
5.198e-07	2.16037466646e-15	-6.50607062767e-15	-5.4829206689e-16
5.2e-07	3.31407323918e-15	-6.98360392602e-15	-7.90277995759e-16
5.202e-07	-1.02071726994e-15	9.79063298217e-15	1.06093079904e-15
5.204e-07	-2.00557552354e-15	-2.27309839126e-15	-1.86501231809e-16
5.206e-07	1.92881315205e-16	-1.4615002726e-15	-1.782597715e-16
5.208e-07	8.95541227735e-14	-1.92269495273e-14	-1.89837891368e-15
5.21e-07	-5.12657382355e-15	5.97180081125e-15	4.70130486835e-16
5.212e-07	5.7628890101e-15	-5.1890767681e-15	-4.14151507844e-16
5.214e-07	1.54352910827e-16	8.50885999927e-17	9.40736354612e-18
5.216e-07	-4.00949414848e-15	5.59027439806e-15	4.55782087927e-16
5.218e-07	4.00373849672e-15	-5.5935808147e-15	-4.53226711264e-16
5.22e-07	-3.1304172366e-19	-2.35969218271e-19	6.39156686577e-20
5.222e-07	-1.87061586297e-19	-3.46535026041e-19	7.67423306103e-20
5.224e-07	1.13636264669e-19	5.96185063458e-19	7.22615712327e-19
5.226e-07	-1.67610302503e-19	2.34002922217e-19	8.1046371284e-20
5.228e-07	1.49104344515e-21	2.01167169961e-20	4.0697157684e-21
5.23e-07	6.7785211611e-19	2.4588974483e-18	5.77944829946e-19
5.232e-07	0.0	0.0	0.0
5.234e-07	-2.12461389288e-18	1.49156350923e-18	6.25344046784e-19
5.236e-07	0.0	0.0	0.0
5.238e-07	5.4713171822e-20	3.88093659801e-20	4.20609620533e-20
5.24e-07	8.26577737439e-23	-6.58389259115e-22	3.78652312894e-21
5.242e-07	8.6858108732e-15	1.03894313057e-15	-2.19205526835e-16
5.244e-07	-3.14083267428e-15	-3.6507743445e-15	-2.19702410892e-16
5.246e-07	1.75171189235e-15	-8.57595051848e-16	-7.3641151164e-17
5.248e-07	4.92660327145e-15	3.88310772334e-15	1.04836763e-16
5.25e-07	-1.22111188062e-14	-4.21340990069e-16	4.25817260063e-16
5.252e-07	0.0	0.0	0.0
5.254e-07	-2.02398402752e-15	5.56474548719e-16	9.63592073394e-17
5.256e-07	2.01454540565e-15	-7.26010233126e-16	-1.12915026093e-16
5.258e-07	-5.93042480542e-19	4.65397607417e-19	1.63850288848e-19
5.26e-07	0.0	0.0	0.0
5.262e-07	0.0	0.0	0.0
5.264e-07	0.0	0.0	0.0
5.266e-07	2.6775726101e-20	-2.92753448931e-20	7.39625093497e-21
5.268e-07	-1.05228076107e-19	9.34776956747e-20	5.1126167741e-20
5.27e-07	-5.05418391693e-20	5.28886774677e-20	5.78017397606e-20
5.272e-07	0.0	0.0	0.0
5.274e-07	0.0	0.0	0.0
5.276e-07	0.0	0.0	0.0
5.278e-07	-3.53232859774e-18	-3.67123896833e-18	1.5303335256e-18
5.28e-07	1.01918727764e-19	-9.90627286941e-21	5.88016233247e-21
5.282e-07	0.0	0.0	0.0
5.284e-07	-3.89910607468e-19	-9.72511425971e-20	2.40956500737e-19
5.286e-07	4.73012749013e-19	2.07850345237e-18	2.81456955089e-19
5.288e-07	0.0	0.0	0.0
5.29e-07	0.0	0.0	0.0
5.292e-07	0.0	0.0	0.0
5.294e-07	0.0	0.0	0.0
5.296e-07	9.22765574373e-21	3.05319607845e-20	6.55259097869e-21
5.298e-07	0.0	0.0	0.0
5.3e-07	0.0	0.0	0.0
5.302e-07	0.0	0.0	0.0
5.304e-07	0.0	0.0	0.0
5.306e-07	-5.9183154786e-20	-2.37379020338e-20	-1.06440979572e-21
5.308e-07	-3.26530191305e-21	1.21937636683e-21	1.16930660769e-21
5.31e-07	0.0	0.0	0.0
5.312e-07	0.0	0.0	0.0
5.314e-07	0.0	0.0	0.0
5.316e-07	0.0	0.0	0.0
5.318e-07	0.0	0.0	0.0
5.32e-07	0.0	0.0	0.0
5.322e-07	0.0	0.0	0.0
5.324e-07	0.0	0.0	0.0
5.326e-07	0.0	0.0	0.0
5.328e-07	0.0	0.0	0.0
5.33e-07	0.0	0.0	0.0
5.332e-07	0.0	0.0	0.0
5.334e-07	0.0	0.0	0.0
5.336e-07	0.0	0.0	0.0
5.338e-07	0.0	0.0	0.0
5.34e-07	0.0	0.0	0.0
5.342e-07	0.0	0.0	0.0
5.344e-07	0.0	0.0	0.0
5.346e-07	0.0	0.0	0.0
5.348e-07	-2.53132707867e-19	1.33397427524e-19	1.48197257044e-19
5.35e-07	0.0	0.0	0.0
5.352e-07	0.0	0.0	0.0
5.354e-07	0.0	0.0	0.0
5.356e-07	0.0	0.0	0.0
5.358e-07	0.0	0.0	0.0
5.36e-07	0.0	0.0	0.0
5.362e-07	0.0	0.0	0.0
5.364e-07	0.0	0.0	0.0
5.366e-07	0.0	0.0	0.0
5.368e-07	0.0	0.0	0.0
5.37e-07	0.0	0.0	0.0
5.372e-07	0.0	0.0	0.0
5.374e-07	0.0	0.0	0.0
5.376e-07	0.0	0.0	0.0
5.378e-07	0.0	0.0	0.0
5.38e-07	-2.05148813074e-18	1.53564452209e-19	2.49538270846e-19
5.382e-07	0.0	0.0	0.0
5.384e-07	0.0	0.0	0.0
5.386e-07	0.0	0.0	0.0
5.388e-07	0.0	0.0	0.0
5.39e-07	0.0	0.0	0.0
5.392e-07	2.71645062814e-20	1.74415117609e-19	2.63256300086e-20
5.394e-07	0.0	0.0	0.0
5.396e-07	0.0	0.0	0.0
5.398e-07	0.0	0.0	0.0
5.4e-07	0.0	0.0	0.0
5.402e-07	0.0	0.0	0.0
5.404e-07	0.0	0.0	0.0
5.406e-07	0.0	0.0	0.0
5.408e-07	0.0	0.0	0.0
5.41e-07	0.0	0.0	0.0
5.412e-07	0.0	0.0	0.0
5.414e-07	0.0	0.0	0.0
5.416e-07	0.0	0.0	0.0
5.418e-07	0.0	0.0	0.0
5.42e-07	0.0	0.0	0.0
5.422e-07	0.0	0.0	0.0
5.424e-07	0.0	0.0	0.0
5.426e-07	0.0	0.0	0.0
5.428e-07	0.0	0.0	0.0
5.43e-07	0.0	0.0	0.0
5.432e-07	0.0	0.0	0.0
5.434e-07	0.0	0.0	0.0
5.436e-07	0.0	0.0	0.0
5.438e-07	0.0	0.0	0.0
5.44e-07	0.0	0.0	0.0
5.442e-07	0.0	0.0	0.0
5.444e-07	0.0	0.0	0.0
5.446e-07	0.0	0.0	0.0
5.448e-07	0.0	0.0	0.0
5.45e-07	0.0	0.0	0.0
5.452e-07	0.0	0.0	0.0
5.454e-07	0.0	0.0	0.0
5.456e-07	0.0	0.0	0.0
5.458e-07	0.0	0.0	0.0
5.46e-07	0.0	0.0	0.0
5.462e-07	0.0	0.0	0.0
5.464e-07	0.0	0.0	0.0
5.466e-07	0.0	0.0	0.0
5.468e-07	0.0	0.0	0.0
5.47e-07	0.0	0.0	0.0
5.472e-07	0.0	0.0	0.0
5.474e-07	0.0	0.0	0.0
5.476e-07	0.0	0.0	0.0
5.478e-07	0.0	0.0	0.0
5.48e-07	0.0	0.0	0.0
5.482e-07	0.0	0.0	0.0
5.484e-07	0.0	0.0	0.0
5.486e-07	0.0	0.0	0.0
5.488e-07	0.0	0.0	0.0
5.49e-07	0.0	0.0	0.0
5.492e-07	0.0	0.0	0.0
5.494e-07	0.0	0.0	0.0
5.496e-07	0.0	0.0	0.0
5.498e-07	0.0	0.0	0.0
5.5e-07	0.0	0.0	0.0
5.502e-07	0.0	0.0	0.0
5.504e-07	0.0	0.0	0.0
5.506e-07	0.0	0.0	0.0
5.508e-07	0.0	0.0	0.0
5.51e-07	0.0	0.0	0.0
5.512e-07	0.0	0.0	0.0
5.514e-07	0.0	0.0	0.0
5.516e-07	0.0	0.0	0.0
5.518e-07	0.0	0.0	0.0
5.52e-07	0.0	0.0	0.0
5.522e-07	0.0	0.0	0.0
5.524e-07	0.0	0.0	0.0
5.526e-07	0.0	0.0	0.0
5.528e-07	0.0	0.0	0.0
5.53e-07	0.0	0.0	0.0
5.532e-07	0.0	0.0	0.0
5.534e-07	0.0	0.0	0.0
5.536e-07	0.0	0.0	0.0
5.538e-07	0.0	0.0	0.0
5.54e-07	0.0	0.0	0.0
5.542e-07	0.0	0.0	0.0
5.544e-07	0.0	0.0	0.0
5.546e-07	0.0	0.0	0.0
5.548e-07	0.0	0.0	0.0
5.55e-07	0.0	0.0	0.0
5.552e-07	0.0	0.0	0.0
5.554e-07	0.0	0.0	0.0
5.556e-07	0.0	0.0	0.0
5.558e-07	0.0	0.0	0.0
5.56e-07	0.0	0.0	0.0
5.562e-07	0.0	0.0	0.0
5.564e-07	0.0	0.0	0.0
5.566e-07	0.0	0.0	0.0
5.568e-07	0.0	0.0	0.0
5.57e-07	0.0	0.0	0.0
5.572e-07	0.0	0.0	0.0
5.574e-07	0.0	0.0	0.0
5.576e-07	0.0	0.0	0.0
5.578e-07	0.0	0.0	0.0
5.58e-07	0.0	0.0	0.0
5.582e-07	0.0	0.0	0.0
5.584e-07	0.0	0.0	0.0
5.586e-07	0.0	0.0	0.0
5.588e-07	0.0	0.0	0.0
5.59e-07	0.0	0.0	0.0
5.592e-07	0.0	0.0	0.0
5.594e-07	0.0	0.0	0.0
5.596e-07	0.0	0.0	0.0
5.598e-07	0.0	0.0	0.0
5.6e-07	0.0	0.0	0.0
5.602e-07	0.0	0.0	0.0
5.604e-07	0.0	0.0	0.0
5.606e-07	0.0	0.0	0.0
5.608e-07	0.0	0.0	0.0
5.61e-07	0.0	0.0	0.0
5.612e-07	0.0	0.0	0.0
5.614e-07	0.0	0.0	0.0
5.616e-07	0.0	0.0	0.0
5.618e-07	0.0	0.0	0.0
5.62e-07	0.0	0.0	0.0
5.622e-07	0.0	0.0	0.0
5.624e-07	0.0	0.0	0.0
5.626e-07	0.0	0.0	0.0
5.628e-07	0.0	0.0	0.0
5.63e-07	0.0	0.0	0.0
5.632e-07	0.0	0.0	0.0
5.634e-07	0.0	0.0	0.0
5.636e-07	0.0	0.0	0.0
5.638e-07	0.0	0.0	0.0
5.64e-07	0.0	0.0	0.0
5.642e-07	0.0	0.0	0.0
5.644e-07	0.0	0.0	0.0
5.646e-07	0.0	0.0	0.0
5.648e-07	0.0	0.0	0.0
5.65e-07	0.0	0.0	0.0
5.652e-07	0.0	0.0	0.0
5.654e-07	0.0	0.0	0.0
5.656e-07	0.0	0.0	0.0
5.658e-07	0.0	0.0	0.0
5.66e-07	0.0	0.0	0.0
5.662e-07	0.0	0.0	0.0
5.664e-07	0.0	0.0	0.0
5.666e-07	0.0	0.0	0.0
5.668e-07	0.0	0.0	0.0
5.67e-07	0.0	0.0	0.0
5.672e-07	0.0	0.0	0.0
5.674e-07	0.0	0.0	0.0
5.676e-07	0.0	0.0	0.0
5.678e-07	0.0	0.0	0.0
5.68e-07	0.0	0.0	0.0
5.682e-07	0.0	0.0	0.0
5.684e-07	0.0	0.0	0.0
5.686e-07	0.0	0.0	0.0
5.688e-07	0.0	0.0	0.0
5.69e-07	0.0	0.0	0.0
5.692e-07	0.0	0.0	0.0
5.694e-07	0.0	0.0	0.0
5.696e-07	0.0	0.0	0.0
5.698e-07	0.0	0.0	0.0
5.7e-07	0.0	0.0	0.0
5.702e-07	0.0	0.0	0.0
5.704e-07	0.0	0.0	0.0
5.706e-07	0.0	0.0	0.0
5.708e-07	0.0	0.0	0.0
5.71e-07	0.0	0.0	0.0
5.712e-07	0.0	0.0	0.0
5.714e-07	0.0	0.0	0.0
5.716e-07	0.0	0.0	0.0
5.718e-07	0.0	0.0	0.0
5.72e-07	0.0	0.0	0.0
5.722e-07	0.0	0.0	0.0
5.724e-07	0.0	0.0	0.0
5.726e-07	0.0	0.0	0.0
5.728e-07	0.0	0.0	0.0
5.73e-07	0.0	0.0	0.0
5.732e-07	0.0	0.0	0.0
5.734e-07	0.0	0.0	0.0
5.736e-07	0.0	0.0	0.0
5.738e-07	0.0	0.0	0.0
5.74e-07	0.0	0.0	0.0
5.742e-07	0.0	0.0	0.0
5.744e-07	0.0	0.0	0.0
5.746e-07	0.0	0.0	0.0
5.748e-07	0.0	0.0	0.0
5.75e-07	0.0	0.0	0.0
5.752e-07	0.0	0.0	0.0
5.754e-07	0.0	0.0	0.0
5.756e-07	0.0	0.0	0.0
5.758e-07	0.0	0.0	0.0
5.76e-07	0.0	0.0	0.0
5.762e-07	0.0	0.0	0.0
5.764e-07	0.0	0.0	0.0
5.766e-07	0.0	0.0	0.0
5.768e-07	0.0	0.0	0.0
5.77e-07	0.0	0.0	0.0
5.772e-07	0.0	0.0	0.0
5.774e-07	0.0	0.0	0.0
5.776e-07	0.0	0.0	0.0
5.778e-07	0.0	0.0	0.0
5.78e-07	0.0	0.0	0.0
5.782e-07	0.0	0.0	0.0
5.784e-07	0.0	0.0	0.0
5.786e-07	0.0	0.0	0.0
5.788e-07	0.0	0.0	0.0
5.79e-07	0.0	0.0	0.0
5.792e-07	0.0	0.0	0.0
5.794e-07	0.0	0.0	0.0
5.796e-07	0.0	0.0	0.0
5.798e-07	0.0	0.0	0.0
5.8e-07	0.0	0.0	0.0
5.802e-07	0.0	0.0	0.0
5.804e-07	0.0	0.0	0.0
5.806e-07	0.0	0.0	0.0
5.808e-07	0.0	0.0	0.0
5.81e-07	0.0	0.0	0.0
5.812e-07	0.0	0.0	0.0
5.814e-07	0.0	0.0	0.0
5.816e-07	0.0	0.0	0.0
5.818e-07	0.0	0.0	0.0
5.82e-07	0.0	0.0	0.0
5.822e-07	0.0	0.0	0.0
5.824e-07	0.0	0.0	0.0
5.826e-07	0.0	0.0	0.0
5.828e-07	0.0	0.0	0.0
5.83e-07	0.0	0.0	0.0
5.832e-07	0.0	0.0	0.0
5.834e-07	0.0	0.0	0.0
5.836e-07	0.0	0.0	0.0
5.838e-07	0.0	0.0	0.0
5.84e-07	0.0	0.0	0.0
5.842e-07	0.0	0.0	0.0
5.844e-07	0.0	0.0	0.0
5.846e-07	0.0	0.0	0.0
5.848e-07	0.0	0.0	0.0
5.85e-07	0.0	0.0	0.0
5.852e-07	0.0	0.0	0.0
5.854e-07	0.0	0.0	0.0
5.856e-07	0.0	0.0	0.0
5.858e-07	0.0	0.0	0.0
5.86e-07	0.0	0.0	0.0
5.862e-07	0.0	0.0	0.0
5.864e-07	0.0	0.0	0.0
5.866e-07	0.0	0.0	0.0
5.868e-07	0.0	0.0	0.0
5.87e-07	0.0	0.0	0.0
5.872e-07	0.0	0.0	0.0
5.874e-07	0.0	0.0	0.0
5.876e-07	0.0	0.0	0.0
5.878e-07	0.0	0.0	0.0
5.88e-07	0.0	0.0	0.0
5.882e-07	0.0	0.0	0.0
5.884e-07	0.0	0.0	0.0
5.886e-07	0.0	0.0	0.0
5.888e-07	0.0	0.0	0.0
5.89e-07	0.0	0.0	0.0
5.892e-07	0.0	0.0	0.0
5.894e-07	0.0	0.0	0.0
5.896e-07	0.0	0.0	0.0
5.898e-07	0.0	0.0	0.0
5.9e-07	0.0	0.0	0.0
5.902e-07	0.0	0.0	0.0
5.904e-07	0.0	0.0	0.0
5.906e-07	0.0	0.0	0.0
5.908e-07	0.0	0.0	0.0
5.91e-07	0.0	0.0	0.0
5.912e-07	0.0	0.0	0.0
5.914e-07	0.0	0.0	0.0
5.916e-07	0.0	0.0	0.0
5.918e-07	0.0	0.0	0.0
5.92e-07	0.0	0.0	0.0
5.922e-07	0.0	0.0	0.0
5.924e-07	0.0	0.0	0.0
5.926e-07	0.0	0.0	0.0
5.928e-07	0.0	0.0	0.0
5.93e-07	0.0	0.0	0.0
5.932e-07	0.0	0.0	0.0
5.934e-07	0.0	0.0	0.0
5.936e-07	0.0	0.0	0.0
5.938e-07	0.0	0.0	0.0
5.94e-07	0.0	0.0	0.0
5.942e-07	0.0	0.0	0.0
5.944e-07	0.0	0.0	0.0
5.946e-07	0.0	0.0	0.0
5.948e-07	0.0	0.0	0.0
5.95e-07	0.0	0.0	0.0
5.952e-07	0.0	0.0	0.0
5.954e-07	0.0	0.0	0.0
5.956e-07	0.0	0.0	0.0
5.958e-07	0.0	0.0	0.0
5.96e-07	0.0	0.0	0.0
5.962e-07	0.0	0.0	0.0
5.964e-07	0.0	0.0	0.0
5.966e-07	0.0	0.0	0.0
5.968e-07	0.0	0.0	0.0
5.97e-07	0.0	0.0	0.0
5.972e-07	0.0	0.0	0.0
5.974e-07	0.0	0.0	0.0
5.976e-07	0.0	0.0	0.0
5.978e-07	0.0	0.0	0.0
5.98e-07	0.0	0.0	0.0
5.982e-07	0.0	0.0	0.0
5.984e-07	0.0	0.0	0.0
5.986e-07	0.0	0.0	0.0
5.988e-07	0.0	0.0	0.0
5.99e-07	0.0	0.0	0.0
5.992e-07	0.0	0.0	0.0
5.994e-07	0.0	0.0	0.0
5.996e-07	0.0	0.0	0.0
5.998e-07	0.0	0.0	0.0
6e-07	0.0	0.0	0.0
6.002e-07	0.0	0.0	0.0
6.004e-07	0.0	0.0	0.0
6.006e-07	0.0	0.0	0.0
6.008e-07	0.0	0.0	0.0
6.01e-07	0.0	0.0	0.0
6.012e-07	0.0	0.0	0.0
6.014e-07	0.0	0.0	0.0
6.016e-07	0.0	0.0	0.0
6.018e-07	0.0	0.0	0.0
6.02e-07	0.0	0.0	0.0
6.022e-07	0.0	0.0	0.0
6.024e-07	0.0	0.0	0.0
6.026e-07	0.0	0.0	0.0
6.028e-07	0.0	0.0	0.0
6.03e-07	0.0	0.0	0.0
6.032e-07	0.0	0.0	0.0
6.034e-07	0.0	0.0	0.0
6.036e-07	0.0	0.0	0.0
6.038e-07	0.0	0.0	0.0
6.04e-07	0.0	0.0	0.0
6.042e-07	0.0	0.0	0.0
6.044e-07	0.0	0.0	0.0
6.046e-07	0.0	0.0	0.0
6.048e-07	0.0	0.0	0.0
6.05e-07	0.0	0.0	0.0
6.052e-07	0.0	0.0	0.0
6.054e-07	0.0	0.0	0.0
6.056e-07	0.0	0.0	0.0
6.058e-07	0.0	0.0	0.0
6.06e-07	0.0	0.0	0.0
6.062e-07	0.0	0.0	0.0
6.064e-07	0.0	0.0	0.0
6.066e-07	0.0	0.0	0.0
6.068e-07	0.0	0.0	0.0
6.07e-07	0.0	0.0	0.0
6.072e-07	0.0	0.0	0.0
6.074e-07	0.0	0.0	0.0
6.076e-07	0.0	0.0	0.0
6.078e-07	0.0	0.0	0.0
6.08e-07	0.0	0.0	0.0
6.082e-07	0.0	0.0	0.0
6.084e-07	0.0	0.0	0.0
6.086e-07	0.0	0.0	0.0
6.088e-07	0.0	0.0	0.0
6.09e-07	0.0	0.0	0.0
6.092e-07	0.0	0.0	0.0
6.094e-07	0.0	0.0	0.0
6.096e-07	0.0	0.0	0.0
6.098e-07	0.0	0.0	0.0
6.1e-07	0.0	0.0	0.0
6.102e-07	0.0	0.0	0.0
6.104e-07	0.0	0.0	0.0
6.106e-07	0.0	0.0	0.0
6.108e-07	0.0	0.0	0.0
6.11e-07	0.0	0.0	0.0
6.112e-07	0.0	0.0	0.0
6.114e-07	0.0	0.0	0.0
6.116e-07	0.0	0.0	0.0
6.118e-07	0.0	0.0	0.0
6.12e-07	0.0	0.0	0.0
6.122e-07	0.0	0.0	0.0
6.124e-07	0.0	0.0	0.0
6.126e-07	0.0	0.0	0.0
6.128e-07	0.0	0.0	0.0
6.13e-07	0.0	0.0	0.0
6.132e-07	0.0	0.0	0.0
6.134e-07	0.0	0.0	0.0
6.136e-07	0.0	0.0	0.0
6.138e-07	0.0	0.0	0.0
6.14e-07	0.0	0.0	0.0
6.142e-07	0.0	0.0	0.0
6.144e-07	0.0	0.0	0.0
6.146e-07	0.0	0.0	0.0
6.148e-07	0.0	0.0	0.0
6.15e-07	0.0	0.0	0.0
6.152e-07	0.0	0.0	0.0
6.154e-07	0.0	0.0	0.0
6.156e-07	0.0	0.0	0.0
6.158e-07	0.0	0.0	0.0
6.16e-07	0.0	0.0	0.0
6.162e-07	0.0	0.0	0.0
6.164e-07	0.0	0.0	0.0
6.166e-07	0.0	0.0	0.0
6.168e-07	0.0	0.0	0.0
6.17e-07	0.0	0.0	0.0
6.172e-07	0.0	0.0	0.0
6.174e-07	0.0	0.0	0.0
6.176e-07	0.0	0.0	0.0
6.178e-07	0.0	0.0	0.0
6.18e-07	0.0	0.0	0.0
6.182e-07	0.0	0.0	0.0
6.184e-07	0.0	0.0	0.0
6.186e-07	0.0	0.0	0.0
6.188e-07	0.0	0.0	0.0
6.19e-07	0.0	0.0	0.0
6.192e-07	0.0	0.0	0.0
6.194e-07	0.0	0.0	0.0
6.196e-07	0.0	0.0	0.0
6.198e-07	0.0	0.0	0.0
6.2e-07	0.0	0.0	0.0
6.202e-07	0.0	0.0	0.0
6.204e-07	0.0	0.0	0.0
6.206e-07	0.0	0.0	0.0
6.208e-07	0.0	0.0	0.0
6.21e-07	0.0	0.0	0.0
6.212e-07	0.0	0.0	0.0
6.214e-07	0.0	0.0	0.0
6.216e-07	0.0	0.0	0.0
6.218e-07	0.0	0.0	0.0
6.22e-07	0.0	0.0	0.0
6.222e-07	0.0	0.0	0.0
6.224e-07	0.0	0.0	0.0
6.226e-07	0.0	0.0	0.0
6.228e-07	0.0	0.0	0.0
6.23e-07	0.0	0.0	0.0
6.232e-07	0.0	0.0	0.0
6.234e-07	0.0	0.0	0.0
6.236e-07	0.0	0.0	0.0
6.238e-07	0.0	0.0	0.0
6.24e-07	0.0	0.0	0.0
6.242e-07	0.0	0.0	0.0
6.244e-07	0.0	0.0	0.0
6.246e-07	0.0	0.0	0.0
6.248e-07	0.0	0.0	0.0
6.25e-07	0.0	0.0	0.0
6.252e-07	0.0	0.0	0.0
6.254e-07	0.0	0.0	0.0
6.256e-07	0.0	0.0	0.0
6.258e-07	0.0	0.0	0.0
6.26e-07	0.0	0.0	0.0
6.262e-07	0.0	0.0	0.0
6.264e-07	0.0	0.0	0.0
6.266e-07	0.0	0.0	0.0
6.268e-07	0.0	0.0	0.0
6.27e-07	0.0	0.0	0.0
6.272e-07	0.0	0.0	0.0
6.274e-07	0.0	0.0	0.0
6.276e-07	0.0	0.0	0.0
6.278e-07	0.0	0.0	0.0
6.28e-07	0.0	0.0	0.0
6.282e-07	0.0	0.0	0.0
6.284e-07	0.0	0.0	0.0
6.286e-07	0.0	0.0	0.0
6.288e-07	0.0	0.0	0.0
6.29e-07	0.0	0.0	0.0
6.292e-07	0.0	0.0	0.0
6.294e-07	0.0	0.0	0.0
6.296e-07	0.0	0.0	0.0
6.298e-07	0.0	0.0	0.0
6.3e-07	0.0	0.0	0.0
6.302e-07	0.0	0.0	0.0
6.304e-07	0.0	0.0	0.0
6.306e-07	0.0	0.0	0.0
6.308e-07	0.0	0.0	0.0
6.31e-07	0.0	0.0	0.0
6.312e-07	0.0	0.0	0.0
6.314e-07	0.0	0.0	0.0
6.316e-07	0.0	0.0	0.0
6.318e-07	0.0	0.0	0.0
6.32e-07	0.0	0.0	0.0
6.322e-07	0.0	0.0	0.0
6.324e-07	0.0	0.0	0.0
6.326e-07	0.0	0.0	0.0
6.328e-07	0.0	0.0	0.0
6.33e-07	0.0	0.0	0.0
6.332e-07	0.0	0.0	0.0
6.334e-07	0.0	0.0	0.0
6.336e-07	0.0	0.0	0.0
6.338e-07	0.0	0.0	0.0
6.34e-07	0.0	0.0	0.0
6.342e-07	0.0	0.0	0.0
6.344e-07	0.0	0.0	0.0
6.346e-07	0.0	0.0	0.0
6.348e-07	0.0	0.0	0.0
6.35e-07	0.0	0.0	0.0
6.352e-07	0.0	0.0	0.0
6.354e-07	0.0	0.0	0.0
6.356e-07	0.0	0.0	0.0
6.358e-07	0.0	0.0	0.0
6.36e-07	0.0	0.0	0.0
6.362e-07	0.0	0.0	0.0
6.364e-07	0.0	0.0	0.0
6.366e-07	0.0	0.0	0.0
6.368e-07	0.0	0.0	0.0
6.37e-07	0.0	0.0	0.0
6.372e-07	0.0	0.0	0.0
6.374e-07	0.0	0.0	0.0
6.376e-07	0.0	0.0	0.0
6.378e-07	0.0	0.0	0.0
6.38e-07	0.0	0.0	0.0
6.382e-07	0.0	0.0	0.0
6.384e-07	0.0	0.0	0.0
6.386e-07	0.0	0.0	0.0
6.388e-07	0.0	0.0	0.0
6.39e-07	0.0	0.0	0.0
6.392e-07	0.0	0.0	0.0
6.394e-07	0.0	0.0	0.0
6.396e-07	0.0	0.0	0.0
6.398e-07	0.0	0.0	0.0
6.4e-07	0.0	0.0	0.0
6.402e-07	0.0	0.0	0.0
6.404e-07	0.0	0.0	0.0
6.406e-07	0.0	0.0	0.0
6.408e-07	0.0	0.0	0.0
6.41e-07	0.0	0.0	0.0
6.412e-07	0.0	0.0	0.0
6.414e-07	0.0	0.0	0.0
6.416e-07	0.0	0.0	0.0
6.418e-07	0.0	0.0	0.0
6.42e-07	0.0	0.0	0.0
6.422e-07	0.0	0.0	0.0
6.424e-07	0.0	0.0	0.0
6.426e-07	0.0	0.0	0.0
6.428e-07	0.0	0.0	0.0
6.43e-07	0.0	0.0	0.0
6.432e-07	0.0	0.0	0.0
6.434e-07	0.0	0.0	0.0
6.436e-07	0.0	0.0	0.0
6.438e-07	0.0	0.0	0.0
6.44e-07	0.0	0.0	0.0
6.442e-07	0.0	0.0	0.0
6.444e-07	0.0	0.0	0.0
6.446e-07	0.0	0.0	0.0
6.448e-07	0.0	0.0	0.0
6.45e-07	0.0	0.0	0.0
6.452e-07	0.0	0.0	0.0
6.454e-07	0.0	0.0	0.0
6.456e-07	0.0	0.0	0.0
6.458e-07	0.0	0.0	0.0
6.46e-07	0.0	0.0	0.0
6.462e-07	0.0	0.0	0.0
6.464e-07	0.0	0.0	0.0
6.466e-07	0.0	0.0	0.0
6.468e-07	0.0	0.0	0.0
6.47e-07	0.0	0.0	0.0
6.472e-07	0.0	0.0	0.0
6.474e-07	0.0	0.0	0.0
6.476e-07	0.0	0.0	0.0
6.478e-07	0.0	0.0	0.0
6.48e-07	0.0	0.0	0.0
6.482e-07	0.0	0.0	0.0
6.484e-07	0.0	0.0	0.0
6.486e-07	0.0	0.0	0.0
6.488e-07	0.0	0.0	0.0
6.49e-07	0.0	0.0	0.0
6.492e-07	0.0	0.0	0.0
6.494e-07	0.0	0.0	0.0
6.496e-07	0.0	0.0	0.0
6.498e-07	0.0	0.0	0.0
6.5e-07	0.0	0.0	0.0
6.502e-07	0.0	0.0	0.0
6.504e-07	0.0	0.0	0.0
6.506e-07	0.0	0.0	0.0
6.508e-07	0.0	0.0	0.0
6.51e-07	0.0	0.0	0.0
6.512e-07	0.0	0.0	0.0
6.514e-07	0.0	0.0	0.0
6.516e-07	0.0	0.0	0.0
6.518e-07	0.0	0.0	0.0
6.52e-07	0.0	0.0	0.0
6.522e-07	0.0	0.0	0.0
6.524e-07	0.0	0.0	0.0
6.526e-07	0.0	0.0	0.0
6.528e-07	0.0	0.0	0.0
6.53e-07	0.0	0.0	0.0
6.532e-07	0.0	0.0	0.0
6.534e-07	0.0	0.0	0.0
6.536e-07	0.0	0.0	0.0
6.538e-07	0.0	0.0	0.0
6.54e-07	0.0	0.0	0.0
6.542e-07	0.0	0.0	0.0
6.544e-07	0.0	0.0	0.0
6.546e-07	0.0	0.0	0.0
6.548e-07	0.0	0.0	0.0
6.55e-07	0.0	0.0	0.0
6.552e-07	0.0	0.0	0.0
6.554e-07	0.0	0.0	0.0
6.556e-07	0.0	0.0	0.0
6.558e-07	0.0	0.0	0.0
6.56e-07	0.0	0.0	0.0
6.562e-07	0.0	0.0	0.0
6.564e-07	0.0	0.0	0.0
6.566e-07	0.0	0.0	0.0
6.568e-07	0.0	0.0	0.0
6.57e-07	0.0	0.0	0.0
6.572e-07	0.0	0.0	0.0
6.574e-07	0.0	0.0	0.0
6.576e-07	0.0	0.0	0.0
6.578e-07	0.0	0.0	0.0
6.58e-07	0.0	0.0	0.0
6.582e-07	0.0	0.0	0.0
6.584e-07	0.0	0.0	0.0
6.586e-07	0.0	0.0	0.0
6.588e-07	0.0	0.0	0.0
6.59e-07	0.0	0.0	0.0
6.592e-07	0.0	0.0	0.0
6.594e-07	0.0	0.0	0.0
6.596e-07	0.0	0.0	0.0
6.598e-07	0.0	0.0	0.0
6.6e-07	0.0	0.0	0.0
6.602e-07	0.0	0.0	0.0
6.604e-07	0.0	0.0	0.0
6.606e-07	0.0	0.0	0.0
6.608e-07	0.0	0.0	0.0
6.61e-07	0.0	0.0	0.0
6.612e-07	0.0	0.0	0.0
6.614e-07	0.0	0.0	0.0
6.616e-07	0.0	0.0	0.0
6.618e-07	0.0	0.0	0.0
6.62e-07	0.0	0.0	0.0
6.622e-07	0.0	0.0	0.0
6.624e-07	0.0	0.0	0.0
6.626e-07	0.0	0.0	0.0
6.628e-07	0.0	0.0	0.0
6.63e-07	0.0	0.0	0.0
6.632e-07	0.0	0.0	0.0
6.634e-07	0.0	0.0	0.0
6.636e-07	0.0	0.0	0.0
6.638e-07	0.0	0.0	0.0
6.64e-07	0.0	0.0	0.0
6.642e-07	0.0	0.0	0.0
6.644e-07	0.0	0.0	0.0
6.646e-07	0.0	0.0	0.0
6.648e-07	0.0	0.0	0.0
6.65e-07	0.0	0.0	0.0
6.652e-07	0.0	0.0	0.0
6.654e-07	0.0	0.0	0.0
6.656e-07	0.0	0.0	0.0
6.658e-07	0.0	0.0	0.0
6.66e-07	0.0	0.0	0.0
6.662e-07	0.0	0.0	0.0
6.664e-07	0.0	0.0	0.0
6.666e-07	0.0	0.0	0.0
6.668e-07	0.0	0.0	0.0
6.67e-07	0.0	0.0	0.0
6.672e-07	0.0	0.0	0.0
6.674e-07	0.0	0.0	0.0
6.676e-07	0.0	0.0	0.0
6.678e-07	0.0	0.0	0.0
6.68e-07	0.0	0.0	0.0
6.682e-07	0.0	0.0	0.0
6.684e-07	0.0	0.0	0.0
6.686e-07	0.0	0.0	0.0
6.688e-07	0.0	0.0	0.0
6.69e-07	0.0	0.0	0.0
6.692e-07	0.0	0.0	0.0
6.694e-07	0.0	0.0	0.0
6.696e-07	0.0	0.0	0.0
6.698e-07	0.0	0.0	0.0
6.7e-07	0.0	0.0	0.0
6.702e-07	0.0	0.0	0.0
6.704e-07	0.0	0.0	0.0
6.706e-07	0.0	0.0	0.0
6.708e-07	0.0	0.0	0.0
6.71e-07	0.0	0.0	0.0
6.712e-07	0.0	0.0	0.0
6.714e-07	0.0	0.0	0.0
6.716e-07	0.0	0.0	0.0
6.718e-07	0.0	0.0	0.0
6.72e-07	0.0	0.0	0.0
6.722e-07	0.0	0.0	0.0
6.724e-07	0.0	0.0	0.0
6.726e-07	0.0	0.0	0.0
6.728e-07	0.0	0.0	0.0
6.73e-07	0.0	0.0	0.0
6.732e-07	0.0	0.0	0.0
6.734e-07	0.0	0.0	0.0
6.736e-07	0.0	0.0	0.0
6.738e-07	0.0	0.0	0.0
6.74e-07	0.0	0.0	0.0
6.742e-07	0.0	0.0	0.0
6.744e-07	0.0	0.0	0.0
6.746e-07	0.0	0.0	0.0
6.748e-07	0.0	0.0	0.0
6.75e-07	0.0	0.0	0.0
6.752e-07	0.0	0.0	0.0
6.754e-07	0.0	0.0	0.0
6.756e-07	0.0	0.0	0.0
6.758e-07	0.0	0.0	0.0
6.76e-07	0.0	0.0	0.0
6.762e-07	0.0	0.0	0.0
6.764e-07	0.0	0.0	0.0
6.766e-07	0.0	0.0	0.0
6.768e-07	0.0	0.0	0.0
6.77e-07	0.0	0.0	0.0
6.772e-07	0.0	0.0	0.0
6.774e-07	0.0	0.0	0.0
6.776e-07	0.0	0.0	0.0
6.778e-07	0.0	0.0	0.0
6.78e-07	0.0	0.0	0.0
6.782e-07	0.0	0.0	0.0
6.784e-07	0.0	0.0	0.0
6.786e-07	0.0	0.0	0.0
6.788e-07	0.0	0.0	0.0
6.79e-07	0.0	0.0	0.0
6.792e-07	0.0	0.0	0.0
6.794e-07	0.0	0.0	0.0
6.796e-07	0.0	0.0	0.0
6.798e-07	0.0	0.0	0.0
6.8e-07	0.0	0.0	0.0
6.802e-07	0.0	0.0	0.0
6.804e-07	0.0	0.0	0.0
6.806e-07	0.0	0.0	0.0
6.808e-07	0.0	0.0	0.0
6.81e-07	0.0	0.0	0.0
6.812e-07	0.0	0.0	0.0
6.814e-07	0.0	0.0	0.0
6.816e-07	0.0	0.0	0.0
6.818e-07	0.0	0.0	0.0
6.82e-07	0.0	0.0	0.0
6.822e-07	0.0	0.0	0.0
6.824e-07	0.0	0.0	0.0
6.826e-07	0.0	0.0	0.0
6.828e-07	0.0	0.0	0.0
6.83e-07	0.0	0.0	0.0
6.832e-07	0.0	0.0	0.0
6.834e-07	0.0	0.0	0.0
6.836e-07	0.0	0.0	0.0
6.838e-07	0.0	0.0	0.0
6.84e-07	0.0	0.0	0.0
6.842e-07	0.0	0.0	0.0
6.844e-07	0.0	0.0	0.0
6.846e-07	0.0	0.0	0.0
6.848e-07	0.0	0.0	0.0
6.85e-07	0.0	0.0	0.0
6.852e-07	0.0	0.0	0.0
6.854e-07	0.0	0.0	0.0
6.856e-07	0.0	0.0	0.0
6.858e-07	0.0	0.0	0.0
6.86e-07	0.0	0.0	0.0
6.862e-07	0.0	0.0	0.0
6.864e-07	0.0	0.0	0.0
6.866e-07	0.0	0.0	0.0
6.868e-07	0.0	0.0	0.0
6.87e-07	0.0	0.0	0.0
6.872e-07	0.0	0.0	0.0
6.874e-07	0.0	0.0	0.0
6.876e-07	0.0	0.0	0.0
6.878e-07	0.0	0.0	0.0
6.88e-07	0.0	0.0	0.0
6.882e-07	0.0	0.0	0.0
6.884e-07	0.0	0.0	0.0
6.886e-07	0.0	0.0	0.0
6.888e-07	0.0	0.0	0.0
6.89e-07	0.0	0.0	0.0
6.892e-07	0.0	0.0	0.0
6.894e-07	0.0	0.0	0.0
6.896e-07	0.0	0.0	0.0
6.898e-07	0.0	0.0	0.0
6.9e-07	0.0	0.0	0.0
6.902e-07	0.0	0.0	0.0
6.904e-07	0.0	0.0	0.0
6.906e-07	0.0	0.0	0.0
6.908e-07	0.0	0.0	0.0
6.91e-07	0.0	0.0	0.0
6.912e-07	0.0	0.0	0.0
6.914e-07	0.0	0.0	0.0
6.916e-07	0.0	0.0	0.0
6.918e-07	0.0	0.0	0.0
6.92e-07	0.0	0.0	0.0
6.922e-07	0.0	0.0	0.0
6.924e-07	0.0	0.0	0.0
6.926e-07	0.0	0.0	0.0
6.928e-07	0.0	0.0	0.0
6.93e-07	0.0	0.0	0.0
6.932e-07	0.0	0.0	0.0
6.934e-07	0.0	0.0	0.0
6.936e-07	0.0	0.0	0.0
6.938e-07	0.0	0.0	0.0
6.94e-07	0.0	0.0	0.0
6.942e-07	0.0	0.0	0.0
6.944e-07	0.0	0.0	0.0
6.946e-07	0.0	0.0	0.0
6.948e-07	0.0	0.0	0.0
6.95e-07	0.0	0.0	0.0
6.952e-07	0.0	0.0	0.0
6.954e-07	0.0	0.0	0.0
6.956e-07	0.0	0.0	0.0
6.958e-07	0.0	0.0	0.0
6.96e-07	0.0	0.0	0.0
6.962e-07	0.0	0.0	0.0
6.964e-07	0.0	0.0	0.0
6.966e-07	0.0	0.0	0.0
6.968e-07	0.0	0.0	0.0
6.97e-07	0.0	0.0	0.0
6.972e-07	0.0	0.0	0.0
6.974e-07	0.0	0.0	0.0
6.976e-07	0.0	0.0	0.0
6.978e-07	0.0	0.0	0.0
6.98e-07	0.0	0.0	0.0
6.982e-07	0.0	0.0	0.0
6.984e-07	0.0	0.0	0.0
6.986e-07	0.0	0.0	0.0
6.988e-07	0.0	0.0	0.0
6.99e-07	0.0	0.0	0.0
6.992e-07	0.0	0.0	0.0
6.994e-07	0.0	0.0	0.0
6.996e-07	0.0	0.0	0.0
6.998e-07	0.0	0.0	0.0
7e-07	0.0	0.0	0.0
7.002e-07	0.0	0.0	0.0
7.004e-07	0.0	0.0	0.0
7.006e-07	0.0	0.0	0.0
7.008e-07	0.0	0.0	0.0
7.01e-07	0.0	0.0	0.0
7.012e-07	0.0	0.0	0.0
7.014e-07	0.0	0.0	0.0
7.016e-07	0.0	0.0	0.0
7.018e-07	0.0	0.0	0.0
7.02e-07	0.0	0.0	0.0
7.022e-07	0.0	0.0	0.0
7.024e-07	0.0	0.0	0.0
7.026e-07	0.0	0.0	0.0
7.028e-07	0.0	0.0	0.0
7.03e-07	0.0	0.0	0.0
7.032e-07	0.0	0.0	0.0
7.034e-07	0.0	0.0	0.0
7.036e-07	0.0	0.0	0.0
7.038e-07	0.0	0.0	0.0
7.04e-07	0.0	0.0	0.0
7.042e-07	0.0	0.0	0.0
7.044e-07	0.0	0.0	0.0
7.046e-07	0.0	0.0	0.0
7.048e-07	0.0	0.0	0.0
7.05e-07	0.0	0.0	0.0
7.052e-07	0.0	0.0	0.0
7.054e-07	0.0	0.0	0.0
7.056e-07	0.0	0.0	0.0
7.058e-07	0.0	0.0	0.0
7.06e-07	0.0	0.0	0.0
7.062e-07	0.0	0.0	0.0
7.064e-07	0.0	0.0	0.0
7.066e-07	0.0	0.0	0.0
7.068e-07	0.0	0.0	0.0
7.07e-07	0.0	0.0	0.0
7.072e-07	0.0	0.0	0.0
7.074e-07	0.0	0.0	0.0
7.076e-07	0.0	0.0	0.0
7.078e-07	0.0	0.0	0.0
7.08e-07	0.0	0.0	0.0
7.082e-07	0.0	0.0	0.0
7.084e-07	0.0	0.0	0.0
7.086e-07	0.0	0.0	0.0
7.088e-07	0.0	0.0	0.0
7.09e-07	0.0	0.0	0.0
7.092e-07	0.0	0.0	0.0
7.094e-07	0.0	0.0	0.0
7.096e-07	0.0	0.0	0.0
7.098e-07	0.0	0.0	0.0
7.1e-07	0.0	0.0	0.0
7.102e-07	0.0	0.0	0.0
7.104e-07	0.0	0.0	0.0
7.106e-07	0.0	0.0	0.0
7.108e-07	0.0	0.0	0.0
7.11e-07	0.0	0.0	0.0
7.112e-07	0.0	0.0	0.0
7.114e-07	0.0	0.0	0.0
7.116e-07	0.0	0.0	0.0
7.118e-07	0.0	0.0	0.0
7.12e-07	0.0	0.0	0.0
7.122e-07	0.0	0.0	0.0
7.124e-07	0.0	0.0	0.0
7.126e-07	0.0	0.0	0.0
7.128e-07	0.0	0.0	0.0
7.13e-07	0.0	0.0	0.0
7.132e-07	0.0	0.0	0.0
7.134e-07	0.0	0.0	0.0
7.136e-07	0.0	0.0	0.0
7.138e-07	0.0	0.0	0.0
7.14e-07	0.0	0.0	0.0
7.142e-07	0.0	0.0	0.0
7.144e-07	0.0	0.0	0.0
7.146e-07	0.0	0.0	0.0
7.148e-07	0.0	0.0	0.0
7.15e-07	0.0	0.0	0.0
7.152e-07	0.0	0.0	0.0
7.154e-07	0.0	0.0	0.0
7.156e-07	0.0	0.0	0.0
7.158e-07	0.0	0.0	0.0
7.16e-07	0.0	0.0	0.0
7.162e-07	0.0	0.0	0.0
7.164e-07	0.0	0.0	0.0
7.166e-07	0.0	0.0	0.0
7.168e-07	0.0	0.0	0.0
7.17e-07	0.0	0.0	0.0
7.172e-07	0.0	0.0	0.0
7.174e-07	0.0	0.0	0.0
7.176e-07	0.0	0.0	0.0
7.178e-07	0.0	0.0	0.0
7.18e-07	0.0	0.0	0.0
7.182e-07	0.0	0.0	0.0
7.184e-07	0.0	0.0	0.0
7.186e-07	0.0	0.0	0.0
7.188e-07	0.0	0.0	0.0
7.19e-07	0.0	0.0	0.0
7.192e-07	0.0	0.0	0.0
7.194e-07	0.0	0.0	0.0
7.196e-07	0.0	0.0	0.0
7.198e-07	0.0	0.0	0.0
7.2e-07	0.0	0.0	0.0
7.202e-07	0.0	0.0	0.0
7.204e-07	0.0	0.0	0.0
7.206e-07	0.0	0.0	0.0
7.208e-07	0.0	0.0	0.0
7.21e-07	0.0	0.0	0.0
7.212e-07	0.0	0.0	0.0
7.214e-07	0.0	0.0	0.0
7.216e-07	0.0	0.0	0.0
7.218e-07	0.0	0.0	0.0
7.22e-07	0.0	0.0	0.0
7.222e-07	0.0	0.0	0.0
7.224e-07	0.0	0.0	0.0
7.226e-07	0.0	0.0	0.0
7.228e-07	0.0	0.0	0.0
7.23e-07	0.0	0.0	0.0
7.232e-07	0.0	0.0	0.0
7.234e-07	0.0	0.0	0.0
7.236e-07	0.0	0.0	0.0
7.238e-07	0.0	0.0	0.0
7.24e-07	0.0	0.0	0.0
7.242e-07	0.0	0.0	0.0
7.244e-07	0.0	0.0	0.0
7.246e-07	0.0	0.0	0.0
7.248e-07	0.0	0.0	0.0
7.25e-07	0.0	0.0	0.0
7.252e-07	0.0	0.0	0.0
7.254e-07	0.0	0.0	0.0
7.256e-07	0.0	0.0	0.0
7.258e-07	0.0	0.0	0.0
7.26e-07	0.0	0.0	0.0
7.262e-07	0.0	0.0	0.0
7.264e-07	0.0	0.0	0.0
7.266e-07	0.0	0.0	0.0
7.268e-07	0.0	0.0	0.0
7.27e-07	0.0	0.0	0.0
7.272e-07	0.0	0.0	0.0
7.274e-07	0.0	0.0	0.0
7.276e-07	0.0	0.0	0.0
7.278e-07	0.0	0.0	0.0
7.28e-07	0.0	0.0	0.0
7.282e-07	0.0	0.0	0.0
7.284e-07	0.0	0.0	0.0
7.286e-07	0.0	0.0	0.0
7.288e-07	0.0	0.0	0.0
7.29e-07	0.0	0.0	0.0
7.292e-07	0.0	0.0	0.0
7.294e-07	0.0	0.0	0.0
7.296e-07	0.0	0.0	0.0
7.298e-07	0.0	0.0	0.0
7.3e-07	0.0	0.0	0.0
7.302e-07	0.0	0.0	0.0
7.304e-07	0.0	0.0	0.0
7.306e-07	0.0	0.0	0.0
7.308e-07	0.0	0.0	0.0
7.31e-07	0.0	0.0	0.0
7.312e-07	0.0	0.0	0.0
7.314e-07	0.0	0.0	0.0
7.316e-07	0.0	0.0	0.0
7.318e-07	0.0	0.0	0.0
7.32e-07	0.0	0.0	0.0
7.322e-07	0.0	0.0	0.0
7.324e-07	0.0	0.0	0.0
7.326e-07	0.0	0.0	0.0
7.328e-07	0.0	0.0	0.0
7.33e-07	0.0	0.0	0.0
7.332e-07	0.0	0.0	0.0
7.334e-07	0.0	0.0	0.0
7.336e-07	0.0	0.0	0.0
7.338e-07	0.0	0.0	0.0
7.34e-07	0.0	0.0	0.0
7.342e-07	0.0	0.0	0.0
7.344e-07	0.0	0.0	0.0
7.346e-07	0.0	0.0	0.0
7.348e-07	0.0	0.0	0.0
7.35e-07	0.0	0.0	0.0
7.352e-07	0.0	0.0	0.0
7.354e-07	0.0	0.0	0.0
7.356e-07	0.0	0.0	0.0
7.358e-07	0.0	0.0	0.0
7.36e-07	0.0	0.0	0.0
7.362e-07	0.0	0.0	0.0
7.364e-07	0.0	0.0	0.0
7.366e-07	0.0	0.0	0.0
7.368e-07	0.0	0.0	0.0
7.37e-07	0.0	0.0	0.0
7.372e-07	0.0	0.0	0.0
7.374e-07	0.0	0.0	0.0
7.376e-07	0.0	0.0	0.0
7.378e-07	0.0	0.0	0.0
7.38e-07	0.0	0.0	0.0
7.382e-07	0.0	0.0	0.0
7.384e-07	0.0	0.0	0.0
7.386e-07	0.0	0.0	0.0
7.388e-07	0.0	0.0	0.0
7.39e-07	0.0	0.0	0.0
7.392e-07	0.0	0.0	0.0
7.394e-07	0.0	0.0	0.0
7.396e-07	0.0	0.0	0.0
7.398e-07	0.0	0.0	0.0
7.4e-07	0.0	0.0	0.0
7.402e-07	0.0	0.0	0.0
7.404e-07	0.0	0.0	0.0
7.406e-07	0.0	0.0	0.0
7.408e-07	0.0	0.0	0.0
7.41e-07	0.0	0.0	0.0
7.412e-07	0.0	0.0	0.0
7.414e-07	0.0	0.0	0.0
7.416e-07	0.0	0.0	0.0
7.418e-07	0.0	0.0	0.0
7.42e-07	0.0	0.0	0.0
7.422e-07	0.0	0.0	0.0
7.424e-07	0.0	0.0	0.0
7.426e-07	0.0	0.0	0.0
7.428e-07	0.0	0.0	0.0
7.43e-07	0.0	0.0	0.0
7.432e-07	0.0	0.0	0.0
7.434e-07	0.0	0.0	0.0
7.436e-07	0.0	0.0	0.0
7.438e-07	0.0	0.0	0.0
7.44e-07	0.0	0.0	0.0
7.442e-07	0.0	0.0	0.0
7.444e-07	0.0	0.0	0.0
7.446e-07	0.0	0.0	0.0
7.448e-07	0.0	0.0	0.0
7.45e-07	0.0	0.0	0.0
7.452e-07	0.0	0.0	0.0
7.454e-07	0.0	0.0	0.0
7.456e-07	0.0	0.0	0.0
7.458e-07	0.0	0.0	0.0
7.46e-07	0.0	0.0	0.0
7.462e-07	0.0	0.0	0.0
7.464e-07	0.0	0.0	0.0
7.466e-07	0.0	0.0	0.0
7.468e-07	0.0	0.0	0.0
7.47e-07	0.0	0.0	0.0
7.472e-07	0.0	0.0	0.0
7.474e-07	0.0	0.0	0.0
7.476e-07	0.0	0.0	0.0
7.478e-07	0.0	0.0	0.0
7.48e-07	0.0	0.0	0.0
7.482e-07	0.0	0.0	0.0
7.484e-07	0.0	0.0	0.0
7.486e-07	0.0	0.0	0.0
7.488e-07	0.0	0.0	0.0
7.49e-07	0.0	0.0	0.0
7.492e-07	0.0	0.0	0.0
7.494e-07	0.0	0.0	0.0
7.496e-07	0.0	0.0	0.0
7.498e-07	0.0	0.0	0.0
7.5e-07	0.0	0.0	0.0
7.502e-07	0.0	0.0	0.0
7.504e-07	0.0	0.0	0.0
7.506e-07	0.0	0.0	0.0
7.508e-07	0.0	0.0	0.0
7.51e-07	0.0	0.0	0.0
7.512e-07	0.0	0.0	0.0
7.514e-07	0.0	0.0	0.0
7.516e-07	0.0	0.0	0.0
7.518e-07	0.0	0.0	0.0
7.52e-07	0.0	0.0	0.0
7.522e-07	0.0	0.0	0.0
7.524e-07	0.0	0.0	0.0
7.526e-07	0.0	0.0	0.0
7.528e-07	0.0	0.0	0.0
7.53e-07	0.0	0.0	0.0
7.532e-07	0.0	0.0	0.0
7.534e-07	0.0	0.0	0.0
7.536e-07	0.0	0.0	0.0
7.538e-07	0.0	0.0	0.0
7.54e-07	0.0	0.0	0.0
7.542e-07	0.0	0.0	0.0
7.544e-07	0.0	0.0	0.0
7.546e-07	0.0	0.0	0.0
7.548e-07	0.0	0.0	0.0
7.55e-07	0.0	0.0	0.0
7.552e-07	0.0	0.0	0.0
7.554e-07	0.0	0.0	0.0
7.556e-07	0.0	0.0	0.0
7.558e-07	0.0	0.0	0.0
7.56e-07	0.0	0.0	0.0
7.562e-07	0.0	0.0	0.0
7.564e-07	0.0	0.0	0.0
7.566e-07	0.0	0.0	0.0
7.568e-07	0.0	0.0	0.0
7.57e-07	0.0	0.0	0.0
7.572e-07	0.0	0.0	0.0
7.574e-07	0.0	0.0	0.0
7.576e-07	0.0	0.0	0.0
7.578e-07	0.0	0.0	0.0
7.58e-07	0.0	0.0	0.0
7.582e-07	0.0	0.0	0.0
7.584e-07	0.0	0.0	0.0
7.586e-07	0.0	0.0	0.0
7.588e-07	0.0	0.0	0.0
7.59e-07	0.0	0.0	0.0
7.592e-07	0.0	0.0	0.0
7.594e-07	0.0	0.0	0.0
7.596e-07	0.0	0.0	0.0
7.598e-07	0.0	0.0	0.0
7.6e-07	0.0	0.0	0.0
7.602e-07	0.0	0.0	0.0
7.604e-07	0.0	0.0	0.0
7.606e-07	0.0	0.0	0.0
7.608e-07	0.0	0.0	0.0
7.61e-07	0.0	0.0	0.0
7.612e-07	0.0	0.0	0.0
7.614e-07	0.0	0.0	0.0
7.616e-07	0.0	0.0	0.0
7.618e-07	0.0	0.0	0.0
7.62e-07	0.0	0.0	0.0
7.622e-07	0.0	0.0	0.0
7.624e-07	0.0	0.0	0.0
7.626e-07	0.0	0.0	0.0
7.628e-07	0.0	0.0	0.0
7.63e-07	0.0	0.0	0.0
7.632e-07	0.0	0.0	0.0
7.634e-07	0.0	0.0	0.0
7.636e-07	0.0	0.0	0.0
7.638e-07	0.0	0.0	0.0
7.64e-07	0.0	0.0	0.0
7.642e-07	0.0	0.0	0.0
7.644e-07	0.0	0.0	0.0
7.646e-07	0.0	0.0	0.0
7.648e-07	0.0	0.0	0.0
7.65e-07	0.0	0.0	0.0
7.652e-07	0.0	0.0	0.0
7.654e-07	0.0	0.0	0.0
7.656e-07	0.0	0.0	0.0
7.658e-07	0.0	0.0	0.0
7.66e-07	0.0	0.0	0.0
7.662e-07	0.0	0.0	0.0
7.664e-07	0.0	0.0	0.0
7.666e-07	0.0	0.0	0.0
7.668e-07	0.0	0.0	0.0
7.67e-07	0.0	0.0	0.0
7.672e-07	0.0	0.0	0.0
7.674e-07	0.0	0.0	0.0
7.676e-07	0.0	0.0	0.0
7.678e-07	0.0	0.0	0.0
7.68e-07	0.0	0.0	0.0
7.682e-07	0.0	0.0	0.0
7.684e-07	0.0	0.0	0.0
7.686e-07	0.0	0.0	0.0
7.688e-07	0.0	0.0	0.0
7.69e-07	0.0	0.0	0.0
7.692e-07	0.0	0.0	0.0
7.694e-07	0.0	0.0	0.0
7.696e-07	0.0	0.0	0.0
7.698e-07	0.0	0.0	0.0
7.7e-07	0.0	0.0	0.0
7.702e-07	0.0	0.0	0.0
7.704e-07	0.0	0.0	0.0
7.706e-07	0.0	0.0	0.0
7.708e-07	0.0	0.0	0.0
7.71e-07	0.0	0.0	0.0
7.712e-07	0.0	0.0	0.0
7.714e-07	0.0	0.0	0.0
7.716e-07	0.0	0.0	0.0
7.718e-07	0.0	0.0	0.0
7.72e-07	0.0	0.0	0.0
7.722e-07	0.0	0.0	0.0
7.724e-07	0.0	0.0	0.0
7.726e-07	0.0	0.0	0.0
7.728e-07	0.0	0.0	0.0
7.73e-07	0.0	0.0	0.0
7.732e-07	0.0	0.0	0.0
7.734e-07	0.0	0.0	0.0
7.736e-07	0.0	0.0	0.0
7.738e-07	0.0	0.0	0.0
7.74e-07	0.0	0.0	0.0
7.742e-07	0.0	0.0	0.0
7.744e-07	0.0	0.0	0.0
7.746e-07	0.0	0.0	0.0
7.748e-07	0.0	0.0	0.0
7.75e-07	0.0	0.0	0.0
7.752e-07	0.0	0.0	0.0
7.754e-07	0.0	0.0	0.0
7.756e-07	0.0	0.0	0.0
7.758e-07	0.0	0.0	0.0
7.76e-07	0.0	0.0	0.0
7.762e-07	0.0	0.0	0.0
7.764e-07	0.0	0.0	0.0
7.766e-07	0.0	0.0	0.0
7.768e-07	0.0	0.0	0.0
7.77e-07	0.0	0.0	0.0
7.772e-07	0.0	0.0	0.0
7.774e-07	0.0	0.0	0.0
7.776e-07	0.0	0.0	0.0
7.778e-07	0.0	0.0	0.0
7.78e-07	0.0	0.0	0.0
7.782e-07	0.0	0.0	0.0
7.784e-07	0.0	0.0	0.0
7.786e-07	0.0	0.0	0.0
7.788e-07	0.0	0.0	0.0
7.79e-07	0.0	0.0	0.0
7.792e-07	0.0	0.0	0.0
7.794e-07	0.0	0.0	0.0
7.796e-07	0.0	0.0	0.0
7.798e-07	0.0	0.0	0.0
7.8e-07	0.0	0.0	0.0
7.802e-07	0.0	0.0	0.0
7.804e-07	0.0	0.0	0.0
7.806e-07	0.0	0.0	0.0
7.808e-07	0.0	0.0	0.0
7.81e-07	0.0	0.0	0.0
7.812e-07	0.0	0.0	0.0
7.814e-07	0.0	0.0	0.0
7.816e-07	0.0	0.0	0.0
7.818e-07	0.0	0.0	0.0
7.82e-07	0.0	0.0	0.0
7.822e-07	0.0	0.0	0.0
7.824e-07	0.0	0.0	0.0
7.826e-07	0.0	0.0	0.0
7.828e-07	0.0	0.0	0.0
7.83e-07	0.0	0.0	0.0
7.832e-07	0.0	0.0	0.0
7.834e-07	0.0	0.0	0.0
7.836e-07	0.0	0.0	0.0
7.838e-07	0.0	0.0	0.0
7.84e-07	0.0	0.0	0.0
7.842e-07	0.0	0.0	0.0
7.844e-07	0.0	0.0	0.0
7.846e-07	0.0	0.0	0.0
7.848e-07	0.0	0.0	0.0
7.85e-07	0.0	0.0	0.0
7.852e-07	0.0	0.0	0.0
7.854e-07	0.0	0.0	0.0
7.856e-07	0.0	0.0	0.0
7.858e-07	0.0	0.0	0.0
7.86e-07	0.0	0.0	0.0
7.862e-07	0.0	0.0	0.0
7.864e-07	0.0	0.0	0.0
7.866e-07	0.0	0.0	0.0
7.868e-07	0.0	0.0	0.0
7.87e-07	0.0	0.0	0.0
7.872e-07	0.0	0.0	0.0
7.874e-07	0.0	0.0	0.0
7.876e-07	0.0	0.0	0.0
7.878e-07	0.0	0.0	0.0
7.88e-07	0.0	0.0	0.0
7.882e-07	0.0	0.0	0.0
7.884e-07	0.0	0.0	0.0
7.886e-07	0.0	0.0	0.0
7.888e-07	0.0	0.0	0.0
7.89e-07	0.0	0.0	0.0
7.892e-07	0.0	0.0	0.0
7.894e-07	0.0	0.0	0.0
7.896e-07	0.0	0.0	0.0
7.898e-07	0.0	0.0	0.0
7.9e-07	0.0	0.0	0.0
7.902e-07	0.0	0.0	0.0
7.904e-07	0.0	0.0	0.0
7.906e-07	0.0	0.0	0.0
7.908e-07	0.0	0.0	0.0
7.91e-07	0.0	0.0	0.0
7.912e-07	0.0	0.0	0.0
7.914e-07	0.0	0.0	0.0
7.916e-07	0.0	0.0	0.0
7.918e-07	0.0	0.0	0.0
7.92e-07	0.0	0.0	0.0
7.922e-07	0.0	0.0	0.0
7.924e-07	0.0	0.0	0.0
7.926e-07	0.0	0.0	0.0
7.928e-07	0.0	0.0	0.0
7.93e-07	0.0	0.0	0.0
7.932e-07	0.0	0.0	0.0
7.934e-07	0.0	0.0	0.0
7.936e-07	0.0	0.0	0.0
7.938e-07	0.0	0.0	0.0
7.94e-07	0.0	0.0	0.0
7.942e-07	0.0	0.0	0.0
7.944e-07	0.0	0.0	0.0
7.946e-07	0.0	0.0	0.0
7.948e-07	0.0	0.0	0.0
7.95e-07	0.0	0.0	0.0
7.952e-07	0.0	0.0	0.0
7.954e-07	0.0	0.0	0.0
7.956e-07	0.0	0.0	0.0
7.958e-07	0.0	0.0	0.0
7.96e-07	0.0	0.0	0.0
7.962e-07	0.0	0.0	0.0
7.964e-07	0.0	0.0	0.0
7.966e-07	0.0	0.0	0.0
7.968e-07	0.0	0.0	0.0
7.97e-07	0.0	0.0	0.0
7.972e-07	0.0	0.0	0.0
7.974e-07	0.0	0.0	0.0
7.976e-07	0.0	0.0	0.0
7.978e-07	0.0	0.0	0.0
7.98e-07	0.0	0.0	0.0
7.982e-07	0.0	0.0	0.0
7.984e-07	0.0	0.0	0.0
7.986e-07	0.0	0.0	0.0
7.988e-07	0.0	0.0	0.0
7.99e-07	0.0	0.0	0.0
7.992e-07	0.0	0.0	0.0
7.994e-07	0.0	0.0	0.0
7.996e-07	0.0	0.0	0.0
7.998e-07	0.0	0.0	0.0
8e-07	0.0	0.0	0.0
8.002e-07	0.0	0.0	0.0
8.004e-07	0.0	0.0	0.0
8.006e-07	0.0	0.0	0.0
8.008e-07	0.0	0.0	0.0
8.01e-07	0.0	0.0	0.0
8.012e-07	0.0	0.0	0.0
8.014e-07	0.0	0.0	0.0
8.016e-07	0.0	0.0	0.0
8.018e-07	0.0	0.0	0.0
8.02e-07	0.0	0.0	0.0
8.022e-07	0.0	0.0	0.0
8.024e-07	0.0	0.0	0.0
8.026e-07	0.0	0.0	0.0
8.028e-07	0.0	0.0	0.0
8.03e-07	0.0	0.0	0.0
8.032e-07	0.0	0.0	0.0
8.034e-07	0.0	0.0	0.0
8.036e-07	0.0	0.0	0.0
8.038e-07	0.0	0.0	0.0
8.04e-07	0.0	0.0	0.0
8.042e-07	0.0	0.0	0.0
8.044e-07	0.0	0.0	0.0
8.046e-07	0.0	0.0	0.0
8.048e-07	0.0	0.0	0.0
8.05e-07	0.0	0.0	0.0
8.052e-07	0.0	0.0	0.0
8.054e-07	0.0	0.0	0.0
8.056e-07	0.0	0.0	0.0
8.058e-07	0.0	0.0	0.0
8.06e-07	0.0	0.0	0.0
8.062e-07	0.0	0.0	0.0
8.064e-07	0.0	0.0	0.0
8.066e-07	0.0	0.0	0.0
8.068e-07	0.0	0.0	0.0
8.07e-07	0.0	0.0	0.0
8.072e-07	0.0	0.0	0.0
8.074e-07	0.0	0.0	0.0
8.076e-07	0.0	0.0	0.0
8.078e-07	0.0	0.0	0.0
8.08e-07	0.0	0.0	0.0
8.082e-07	0.0	0.0	0.0
8.084e-07	0.0	0.0	0.0
8.086e-07	0.0	0.0	0.0
8.088e-07	0.0	0.0	0.0
8.09e-07	0.0	0.0	0.0
8.092e-07	0.0	0.0	0.0
8.094e-07	0.0	0.0	0.0
8.096e-07	0.0	0.0	0.0
8.098e-07	0.0	0.0	0.0
8.1e-07	0.0	0.0	0.0
8.102e-07	0.0	0.0	0.0
8.104e-07	0.0	0.0	0.0
8.106e-07	0.0	0.0	0.0
8.108e-07	0.0	0.0	0.0
8.11e-07	0.0	0.0	0.0
8.112e-07	0.0	0.0	0.0
8.114e-07	0.0	0.0	0.0
8.116e-07	0.0	0.0	0.0
8.118e-07	0.0	0.0	0.0
8.12e-07	0.0	0.0	0.0
8.122e-07	0.0	0.0	0.0
8.124e-07	0.0	0.0	0.0
8.126e-07	0.0	0.0	0.0
8.128e-07	0.0	0.0	0.0
8.13e-07	0.0	0.0	0.0
8.132e-07	0.0	0.0	0.0
8.134e-07	0.0	0.0	0.0
8.136e-07	0.0	0.0	0.0
8.138e-07	0.0	0.0	0.0
8.14e-07	0.0	0.0	0.0
8.142e-07	0.0	0.0	0.0
8.144e-07	0.0	0.0	0.0
8.146e-07	0.0	0.0	0.0
8.148e-07	0.0	0.0	0.0
8.15e-07	0.0	0.0	0.0
8.152e-07	0.0	0.0	0.0
8.154e-07	0.0	0.0	0.0
8.156e-07	0.0	0.0	0.0
8.158e-07	0.0	0.0	0.0
8.16e-07	0.0	0.0	0.0
8.162e-07	0.0	0.0	0.0
8.164e-07	0.0	0.0	0.0
8.166e-07	0.0	0.0	0.0
8.168e-07	0.0	0.0	0.0
8.17e-07	0.0	0.0	0.0
8.172e-07	0.0	0.0	0.0
8.174e-07	0.0	0.0	0.0
8.176e-07	0.0	0.0	0.0
8.178e-07	0.0	0.0	0.0
8.18e-07	0.0	0.0	0.0
8.182e-07	0.0	0.0	0.0
8.184e-07	0.0	0.0	0.0
8.186e-07	0.0	0.0	0.0
8.188e-07	0.0	0.0	0.0
8.19e-07	0.0	0.0	0.0
8.192e-07	0.0	0.0	0.0
8.194e-07	0.0	0.0	0.0
8.196e-07	0.0	0.0	0.0
8.198e-07	0.0	0.0	0.0
8.2e-07	0.0	0.0	0.0
8.202e-07	0.0	0.0	0.0
8.204e-07	0.0	0.0	0.0
8.206e-07	0.0	0.0	0.0
8.208e-07	0.0	0.0	0.0
8.21e-07	0.0	0.0	0.0
8.212e-07	0.0	0.0	0.0
8.214e-07	0.0	0.0	0.0
8.216e-07	0.0	0.0	0.0
8.218e-07	0.0	0.0	0.0
8.22e-07	0.0	0.0	0.0
8.222e-07	0.0	0.0	0.0
8.224e-07	0.0	0.0	0.0
8.226e-07	0.0	0.0	0.0
8.228e-07	0.0	0.0	0.0
8.23e-07	0.0	0.0	0.0
8.232e-07	0.0	0.0	0.0
8.234e-07	0.0	0.0	0.0
8.236e-07	0.0	0.0	0.0
8.238e-07	0.0	0.0	0.0
8.24e-07	0.0	0.0	0.0
8.242e-07	0.0	0.0	0.0
8.244e-07	0.0	0.0	0.0
8.246e-07	0.0	0.0	0.0
8.248e-07	0.0	0.0	0.0
8.25e-07	0.0	0.0	0.0
8.252e-07	0.0	0.0	0.0
8.254e-07	0.0	0.0	0.0
8.256e-07	0.0	0.0	0.0
8.258e-07	0.0	0.0	0.0
8.26e-07	0.0	0.0	0.0
8.262e-07	0.0	0.0	0.0
8.264e-07	0.0	0.0	0.0
8.266e-07	0.0	0.0	0.0
8.268e-07	0.0	0.0	0.0
8.27e-07	0.0	0.0	0.0
8.272e-07	0.0	0.0	0.0
8.274e-07	0.0	0.0	0.0
8.276e-07	0.0	0.0	0.0
8.278e-07	0.0	0.0	0.0
8.28e-07	0.0	0.0	0.0
8.282e-07	0.0	0.0	0.0
8.284e-07	0.0	0.0	0.0
8.286e-07	0.0	0.0	0.0
8.288e-07	0.0	0.0	0.0
8.29e-07	0.0	0.0	0.0
8.292e-07	0.0	0.0	0.0
8.294e-07	0.0	0.0	0.0
8.296e-07	0.0	0.0	0.0
8.298e-07	0.0	0.0	0.0
8.3e-07	0.0	0.0	0.0
8.302e-07	0.0	0.0	0.0
8.304e-07	0.0	0.0	0.0
8.306e-07	0.0	0.0	0.0
8.308e-07	0.0	0.0	0.0
8.31e-07	0.0	0.0	0.0
8.312e-07	0.0	0.0	0.0
8.314e-07	0.0	0.0	0.0
8.316e-07	0.0	0.0	0.0
8.318e-07	0.0	0.0	0.0
8.32e-07	0.0	0.0	0.0
8.322e-07	0.0	0.0	0.0
8.324e-07	0.0	0.0	0.0
8.326e-07	0.0	0.0	0.0
8.328e-07	0.0	0.0	0.0
8.33e-07	0.0	0.0	0.0
8.332e-07	0.0	0.0	0.0
8.334e-07	0.0	0.0	0.0
8.336e-07	0.0	0.0	0.0
8.338e-07	0.0	0.0	0.0
8.34e-07	0.0	0.0	0.0
8.342e-07	0.0	0.0	0.0
8.344e-07	0.0	0.0	0.0
8.346e-07	0.0	0.0	0.0
8.348e-07	0.0	0.0	0.0
8.35e-07	0.0	0.0	0.0
8.352e-07	0.0	0.0	0.0
8.354e-07	0.0	0.0	0.0
8.356e-07	0.0	0.0	0.0
8.358e-07	0.0	0.0	0.0
8.36e-07	0.0	0.0	0.0
8.362e-07	0.0	0.0	0.0
8.364e-07	0.0	0.0	0.0
8.366e-07	0.0	0.0	0.0
8.368e-07	0.0	0.0	0.0
8.37e-07	0.0	0.0	0.0
8.372e-07	0.0	0.0	0.0
8.374e-07	0.0	0.0	0.0
8.376e-07	0.0	0.0	0.0
8.378e-07	0.0	0.0	0.0
8.38e-07	0.0	0.0	0.0
8.382e-07	0.0	0.0	0.0
8.384e-07	0.0	0.0	0.0
8.386e-07	0.0	0.0	0.0
8.388e-07	0.0	0.0	0.0
8.39e-07	0.0	0.0	0.0
8.392e-07	0.0	0.0	0.0
8.394e-07	0.0	0.0	0.0
8.396e-07	0.0	0.0	0.0
8.398e-07	0.0	0.0	0.0
8.4e-07	0.0	0.0	0.0
8.402e-07	0.0	0.0	0.0
8.404e-07	0.0	0.0	0.0
8.406e-07	0.0	0.0	0.0
8.408e-07	0.0	0.0	0.0
8.41e-07	0.0	0.0	0.0
8.412e-07	0.0	0.0	0.0
8.414e-07	0.0	0.0	0.0
8.416e-07	0.0	0.0	0.0
8.418e-07	0.0	0.0	0.0
8.42e-07	0.0	0.0	0.0
8.422e-07	0.0	0.0	0.0
8.424e-07	0.0	0.0	0.0
8.426e-07	0.0	0.0	0.0
8.428e-07	0.0	0.0	0.0
8.43e-07	0.0	0.0	0.0
8.432e-07	0.0	0.0	0.0
8.434e-07	0.0	0.0	0.0
8.436e-07	0.0	0.0	0.0
8.438e-07	0.0	0.0	0.0
8.44e-07	0.0	0.0	0.0
8.442e-07	0.0	0.0	0.0
8.444e-07	0.0	0.0	0.0
8.446e-07	0.0	0.0	0.0
8.448e-07	0.0	0.0	0.0
8.45e-07	0.0	0.0	0.0
8.452e-07	0.0	0.0	0.0
8.454e-07	0.0	0.0	0.0
8.456e-07	0.0	0.0	0.0
8.458e-07	0.0	0.0	0.0
8.46e-07	0.0	0.0	0.0
8.462e-07	0.0	0.0	0.0
8.464e-07	0.0	0.0	0.0
8.466e-07	0.0	0.0	0.0
8.468e-07	0.0	0.0	0.0
8.47e-07	0.0	0.0	0.0
8.472e-07	0.0	0.0	0.0
8.474e-07	0.0	0.0	0.0
8.476e-07	0.0	0.0	0.0
8.478e-07	0.0	0.0	0.0
8.48e-07	0.0	0.0	0.0
8.482e-07	0.0	0.0	0.0
8.484e-07	0.0	0.0	0.0
8.486e-07	0.0	0.0	0.0
8.488e-07	0.0	0.0	0.0
8.49e-07	0.0	0.0	0.0
8.492e-07	0.0	0.0	0.0
8.494e-07	0.0	0.0	0.0
8.496e-07	0.0	0.0	0.0
8.498e-07	0.0	0.0	0.0
8.5e-07	0.0	0.0	0.0
8.502e-07	0.0	0.0	0.0
8.504e-07	0.0	0.0	0.0
8.506e-07	0.0	0.0	0.0
8.508e-07	0.0	0.0	0.0
8.51e-07	0.0	0.0	0.0
8.512e-07	0.0	0.0	0.0
8.514e-07	0.0	0.0	0.0
8.516e-07	0.0	0.0	0.0
8.518e-07	0.0	0.0	0.0
8.52e-07	0.0	0.0	0.0
8.522e-07	0.0	0.0	0.0
8.524e-07	0.0	0.0	0.0
8.526e-07	0.0	0.0	0.0
8.528e-07	0.0	0.0	0.0
8.53e-07	0.0	0.0	0.0
8.532e-07	0.0	0.0	0.0
8.534e-07	0.0	0.0	0.0
8.536e-07	0.0	0.0	0.0
8.538e-07	0.0	0.0	0.0
8.54e-07	0.0	0.0	0.0
8.542e-07	0.0	0.0	0.0
8.544e-07	0.0	0.0	0.0
8.546e-07	0.0	0.0	0.0
8.548e-07	0.0	0.0	0.0
8.55e-07	0.0	0.0	0.0
8.552e-07	0.0	0.0	0.0
8.554e-07	0.0	0.0	0.0
8.556e-07	0.0	0.0	0.0
8.558e-07	0.0	0.0	0.0
8.56e-07	0.0	0.0	0.0
8.562e-07	0.0	0.0	0.0
8.564e-07	0.0	0.0	0.0
8.566e-07	0.0	0.0	0.0
8.568e-07	0.0	0.0	0.0
8.57e-07	0.0	0.0	0.0
8.572e-07	0.0	0.0	0.0
8.574e-07	0.0	0.0	0.0
8.576e-07	0.0	0.0	0.0
8.578e-07	0.0	0.0	0.0
8.58e-07	0.0	0.0	0.0
8.582e-07	0.0	0.0	0.0
8.584e-07	0.0	0.0	0.0
8.586e-07	0.0	0.0	0.0
8.588e-07	0.0	0.0	0.0
8.59e-07	0.0	0.0	0.0
8.592e-07	0.0	0.0	0.0
8.594e-07	0.0	0.0	0.0
8.596e-07	0.0	0.0	0.0
8.598e-07	0.0	0.0	0.0
8.6e-07	0.0	0.0	0.0
8.602e-07	0.0	0.0	0.0
8.604e-07	0.0	0.0	0.0
8.606e-07	0.0	0.0	0.0
8.608e-07	0.0	0.0	0.0
8.61e-07	0.0	0.0	0.0
8.612e-07	0.0	0.0	0.0
8.614e-07	0.0	0.0	0.0
8.616e-07	0.0	0.0	0.0
8.618e-07	0.0	0.0	0.0
8.62e-07	0.0	0.0	0.0
8.622e-07	0.0	0.0	0.0
8.624e-07	0.0	0.0	0.0
8.626e-07	0.0	0.0	0.0
8.628e-07	0.0	0.0	0.0
8.63e-07	0.0	0.0	0.0
8.632e-07	0.0	0.0	0.0
8.634e-07	0.0	0.0	0.0
8.636e-07	0.0	0.0	0.0
8.638e-07	0.0	0.0	0.0
8.64e-07	0.0	0.0	0.0
8.642e-07	0.0	0.0	0.0
8.644e-07	0.0	0.0	0.0
8.646e-07	0.0	0.0	0.0
8.648e-07	0.0	0.0	0.0
8.65e-07	0.0	0.0	0.0
8.652e-07	0.0	0.0	0.0
8.654e-07	0.0	0.0	0.0
8.656e-07	0.0	0.0	0.0
8.658e-07	0.0	0.0	0.0
8.66e-07	0.0	0.0	0.0
8.662e-07	0.0	0.0	0.0
8.664e-07	0.0	0.0	0.0
8.666e-07	0.0	0.0	0.0
8.668e-07	0.0	0.0	0.0
8.67e-07	0.0	0.0	0.0
8.672e-07	0.0	0.0	0.0
8.674e-07	0.0	0.0	0.0
8.676e-07	0.0	0.0	0.0
8.678e-07	0.0	0.0	0.0
8.68e-07	0.0	0.0	0.0
8.682e-07	0.0	0.0	0.0
8.684e-07	0.0	0.0	0.0
8.686e-07	0.0	0.0	0.0
8.688e-07	0.0	0.0	0.0
8.69e-07	0.0	0.0	0.0
8.692e-07	0.0	0.0	0.0
8.694e-07	0.0	0.0	0.0
8.696e-07	0.0	0.0	0.0
8.698e-07	0.0	0.0	0.0
8.7e-07	0.0	0.0	0.0
8.702e-07	0.0	0.0	0.0
8.704e-07	0.0	0.0	0.0
8.706e-07	0.0	0.0	0.0
8.708e-07	0.0	0.0	0.0
8.71e-07	0.0	0.0	0.0
8.712e-07	0.0	0.0	0.0
8.714e-07	0.0	0.0	0.0
8.716e-07	0.0	0.0	0.0
8.718e-07	0.0	0.0	0.0
8.72e-07	0.0	0.0	0.0
8.722e-07	0.0	0.0	0.0
8.724e-07	0.0	0.0	0.0
8.726e-07	0.0	0.0	0.0
8.728e-07	0.0	0.0	0.0
8.73e-07	0.0	0.0	0.0
8.732e-07	0.0	0.0	0.0
8.734e-07	0.0	0.0	0.0
8.736e-07	0.0	0.0	0.0
8.738e-07	0.0	0.0	0.0
8.74e-07	0.0	0.0	0.0
8.742e-07	0.0	0.0	0.0
8.744e-07	0.0	0.0	0.0
8.746e-07	0.0	0.0	0.0
8.748e-07	0.0	0.0	0.0
8.75e-07	0.0	0.0	0.0
8.752e-07	0.0	0.0	0.0
8.754e-07	0.0	0.0	0.0
8.756e-07	0.0	0.0	0.0
8.758e-07	0.0	0.0	0.0
8.76e-07	0.0	0.0	0.0
8.762e-07	0.0	0.0	0.0
8.764e-07	0.0	0.0	0.0
8.766e-07	0.0	0.0	0.0
8.768e-07	0.0	0.0	0.0
8.77e-07	0.0	0.0	0.0
8.772e-07	0.0	0.0	0.0
8.774e-07	0.0	0.0	0.0
8.776e-07	0.0	0.0	0.0
8.778e-07	0.0	0.0	0.0
8.78e-07	0.0	0.0	0.0
8.782e-07	0.0	0.0	0.0
8.784e-07	0.0	0.0	0.0
8.786e-07	0.0	0.0	0.0
8.788e-07	0.0	0.0	0.0
8.79e-07	0.0	0.0	0.0
8.792e-07	0.0	0.0	0.0
8.794e-07	0.0	0.0	0.0
8.796e-07	0.0	0.0	0.0
8.798e-07	0.0	0.0	0.0
8.8e-07	0.0	0.0	0.0
8.802e-07	0.0	0.0	0.0
8.804e-07	0.0	0.0	0.0
8.806e-07	0.0	0.0	0.0
8.808e-07	0.0	0.0	0.0
8.81e-07	0.0	0.0	0.0
8.812e-07	0.0	0.0	0.0
8.814e-07	0.0	0.0	0.0
8.816e-07	0.0	0.0	0.0
8.818e-07	0.0	0.0	0.0
8.82e-07	0.0	0.0	0.0
8.822e-07	0.0	0.0	0.0
8.824e-07	0.0	0.0	0.0
8.826e-07	0.0	0.0	0.0
8.828e-07	0.0	0.0	0.0
8.83e-07	0.0	0.0	0.0
8.832e-07	0.0	0.0	0.0
8.834e-07	0.0	0.0	0.0
8.836e-07	0.0	0.0	0.0
8.838e-07	0.0	0.0	0.0
8.84e-07	0.0	0.0	0.0
8.842e-07	0.0	0.0	0.0
8.844e-07	0.0	0.0	0.0
8.846e-07	0.0	0.0	0.0
8.848e-07	0.0	0.0	0.0
8.85e-07	0.0	0.0	0.0
8.852e-07	0.0	0.0	0.0
8.854e-07	0.0	0.0	0.0
8.856e-07	0.0	0.0	0.0
8.858e-07	0.0	0.0	0.0
8.86e-07	0.0	0.0	0.0
8.862e-07	0.0	0.0	0.0
8.864e-07	0.0	0.0	0.0
8.866e-07	0.0	0.0	0.0
8.868e-07	0.0	0.0	0.0
8.87e-07	0.0	0.0	0.0
8.872e-07	0.0	0.0	0.0
8.874e-07	0.0	0.0	0.0
8.876e-07	0.0	0.0	0.0
8.878e-07	0.0	0.0	0.0
8.88e-07	0.0	0.0	0.0
8.882e-07	0.0	0.0	0.0
8.884e-07	0.0	0.0	0.0
8.886e-07	0.0	0.0	0.0
8.888e-07	0.0	0.0	0.0
8.89e-07	0.0	0.0	0.0
8.892e-07	0.0	0.0	0.0
8.894e-07	0.0	0.0	0.0
8.896e-07	0.0	0.0	0.0
8.898e-07	0.0	0.0	0.0
8.9e-07	0.0	0.0	0.0
8.902e-07	0.0	0.0	0.0
8.904e-07	0.0	0.0	0.0
8.906e-07	0.0	0.0	0.0
8.908e-07	0.0	0.0	0.0
8.91e-07	0.0	0.0	0.0
8.912e-07	0.0	0.0	0.0
8.914e-07	0.0	0.0	0.0
8.916e-07	0.0	0.0	0.0
8.918e-07	0.0	0.0	0.0
8.92e-07	0.0	0.0	0.0
8.922e-07	0.0	0.0	0.0
8.924e-07	0.0	0.0	0.0
8.926e-07	0.0	0.0	0.0
8.928e-07	0.0	0.0	0.0
8.93e-07	0.0	0.0	0.0
8.932e-07	0.0	0.0	0.0
