# The energy threshold above which the kinetic energy of a charged particle should be to take part in the electrical field calculations is 0.1 MeV
# time (ns)	electric field (V/m)
# Antenna 0 at (0m, -90m, 10m) (Geant4 coordinates)
497 (0,0,0)
497.2 (0,0,0)
497.4 (0,0,0)
497.6 (0,0,0)
497.8 (0,0,0)
498 (0,0,0)
498.2 (0,0,0)
498.4 (0,0,0)
498.6 (0,0,0)
498.8 (0,0,0)
499 (0,0,0)
499.2 (0,0,0)
499.4 (0,0,0)
499.6 (0,0,0)
499.8 (0,0,0)
500 (0,0,0)
500.2 (0,0,0)
500.4 (0,0,0)
500.6 (0,0,0)
500.8 (0,0,0)
501 (0,0,0)
501.2 (0,0,0)
501.4 (0,0,0)
501.6 (0,0,0)
501.8 (0,0,0)
502 (0,0,0)
502.2 (0,0,0)
502.4 (0,0,0)
502.6 (0,0,0)
502.8 (0,0,0)
503 (0,0,0)
503.2 (0,0,0)
503.4 (0,0,0)
503.6 (0,0,0)
503.8 (0,0,0)
504 (0,0,0)
504.2 (0,0,0)
504.4 (0,0,0)
504.6 (0,0,0)
504.8 (0,0,0)
505 (0,0,0)
505.2 (0,0,0)
505.4 (0,0,0)
505.6 (0,0,0)
505.8 (0,0,0)
506 (0,0,0)
506.2 (0,0,0)
506.4 (0,0,0)
506.6 (0,0,0)
506.8 (0,0,0)
507 (0,0,0)
507.2 (0,0,0)
507.4 (0,0,0)
507.6 (0,0,0)
507.8 (0,0,0)
508 (0,0,0)
508.2 (0,0,0)
508.4 (0,0,0)
508.6 (0,0,0)
508.8 (0,0,0)
509 (0,0,0)
509.2 (0,0,0)
509.4 (0,0,0)
509.6 (0,0,0)
509.8 (0,0,0)
510 (0,0,0)
510.2 (0,0,0)
510.4 (0,0,0)
510.6 (0,0,0)
510.8 (0,0,0)
511 (0,0,0)
511.2 (0,0,0)
511.4 (0,0,0)
511.6 (0,0,0)
511.8 (0,0,0)
512 (0,0,0)
512.2 (0,0,0)
512.4 (0,0,0)
512.6 (0,0,0)
512.8 (0,0,0)
513 (0,0,0)
513.2 (0,0,0)
513.4 (0,0,0)
513.6 (0,0,0)
513.8 (0,0,0)
514 (0,0,0)
514.2 (0,0,0)
514.4 (0,0,0)
514.6 (0,0,0)
514.8 (0,0,0)
515 (0,0,0)
515.2 (0,0,0)
515.4 (0,0,0)
515.6 (0,0,0)
515.8 (0,0,0)
516 (0,0,0)
516.2 (0,0,0)
516.4 (0,0,0)
516.6 (0,0,0)
516.8 (0,0,0)
517 (5.9798541676058e-13,5.28753410253275e-13,5.51655577391917e-12)
517.2 (1.38289960892123e-12,-4.97168878789972e-13,-5.12540505987334e-12)
517.4 (-8.21822884574768e-12,8.20186547463343e-13,8.212784364134e-12)
517.6 (2.62827000055046e-11,-1.95084266983376e-11,-2.02592387670414e-10)
517.8 (-3.80632371117712e-11,1.58096469414648e-11,1.63207054874262e-10)
518 (-2.38829983216872e-12,-3.7306362265175e-13,-4.48303790285043e-12)
518.2 (2.38843490697503e-12,3.7319012747691e-13,4.48293953829868e-12)
518.4 (2.29910360371562e-11,-7.07092018250353e-13,-1.01528762772563e-11)
518.6 (-1.69037098814831e-09,1.71018795446432e-11,2.72971292714718e-10)
518.8 (1.6667414335022e-09,-1.62576235325552e-11,-2.65253275727412e-10)
519 (1.11027910918727e-12,2.6103876760257e-13,2.8168120803853e-12)
519.2 (-1.27028734247315e-15,-8.122323420072e-16,-5.35593271163901e-14)
519.4 (0,0,0)
519.6 (-4.68430082955059e-14,7.3820275553592e-15,-2.56503798786755e-14)
519.8 (0,0,0)
520 (-6.02710702233675e-15,8.8778094355708e-15,5.18534487536967e-15)
520.2 (0,0,0)
520.4 (0,0,0)
520.6 (-2.498120352927e-15,2.49313231901311e-15,-2.63632962970226e-15)
520.8 (-1.09717196686248e-09,4.70590201558292e-11,4.48582089369814e-10)
521 (8.3566710243122e-10,-3.39181459391948e-11,-3.47088252165335e-10)
521.2 (-1.40616980006744e-10,-6.00993249915066e-12,-6.17545425289193e-11)
521.4 (5.19703841496939e-11,9.61415926996018e-13,8.71984641096183e-12)
521.6 (7.11671110510481e-12,1.28748535182111e-13,1.1380667959233e-12)
521.8 (1.64068989391752e-10,-3.07911491808697e-12,-3.39841634892447e-11)
522 (-1.6419886427114e-10,3.09004635887269e-12,3.3945033760939e-11)
522.2 (0,0,0)
522.4 (0,0,0)
522.6 (0,0,0)
522.8 (0,0,0)
523 (1.61836310682398e-14,9.25840748234468e-15,4.35737375741747e-14)
523.2 (0,0,0)
523.4 (-6.86853201633559e-15,1.45955204031389e-14,-2.40886815428024e-14)
523.6 (0,0,0)
523.8 (0,0,0)
524 (0,0,0)
524.2 (0,0,0)
524.4 (0,0,0)
524.6 (0,0,0)
524.8 (0,0,0)
525 (0,0,0)
525.2 (-5.28443774881379e-14,2.27687308900688e-15,3.36299348497398e-15)
525.4 (-7.97777556626404e-14,2.22150282627479e-14,5.6031486010805e-14)
525.6 (0,0,0)
525.8 (-1.09946404880145e-15,1.13567305760492e-16,-5.76235423699652e-16)
526 (0,0,0)
526.2 (0,0,0)
526.4 (0,0,0)
526.6 (0,0,0)
526.8 (0,0,0)
527 (0,0,0)
527.2 (0,0,0)
527.4 (0,0,0)
527.6 (0,0,0)
527.8 (0,0,0)
528 (0,0,0)
528.2 (0,0,0)
528.4 (0,0,0)
528.6 (0,0,0)
528.8 (0,0,0)
529 (0,0,0)
529.2 (0,0,0)
529.4 (0,0,0)
529.6 (0,0,0)
529.8 (0,0,0)
530 (0,0,0)
530.2 (0,0,0)
530.4 (0,0,0)
530.6 (0,0,0)
530.8 (0,0,0)
531 (0,0,0)
531.2 (0,0,0)
531.4 (0,0,0)
531.6 (0,0,0)
531.8 (0,0,0)
532 (0,0,0)
532.2 (0,0,0)
532.4 (0,0,0)
532.6 (0,0,0)
532.8 (0,0,0)
533 (0,0,0)
533.2 (0,0,0)
533.4 (0,0,0)
533.6 (0,0,0)
533.8 (0,0,0)
534 (0,0,0)
534.2 (0,0,0)
534.4 (0,0,0)
534.6 (0,0,0)
534.8 (0,0,0)
535 (0,0,0)
535.2 (0,0,0)
535.4 (0,0,0)
535.6 (0,0,0)
535.8 (0,0,0)
536 (0,0,0)
536.2 (0,0,0)
536.4 (0,0,0)
536.6 (0,0,0)
536.8 (4.1098553786179e-11,5.90804548482576e-13,4.66056492519526e-12)
537 (3.13503871165355e-11,-4.11962364624232e-12,-4.44955176611778e-11)
537.2 (-7.24115026975472e-11,3.55827682752626e-12,3.99551190403014e-11)
537.4 (0,0,0)
537.6 (0,0,0)
537.8 (4.72323546839713e-16,1.25160285309862e-15,7.08048171690241e-16)
538 (0,0,0)
538.2 (0,0,0)
538.4 (0,0,0)
538.6 (0,0,0)
538.8 (0,0,0)
539 (0,0,0)
539.2 (-2.19955024925324e-14,2.01957153964944e-15,-4.69984389469682e-14)
539.4 (0,0,0)
539.6 (0,0,0)
539.8 (0,0,0)
540 (0,0,0)
540.2 (0,0,0)
540.4 (0,0,0)
540.6 (0,0,0)
540.8 (0,0,0)
541 (0,0,0)
541.2 (0,0,0)
541.4 (0,0,0)
541.6 (0,0,0)
541.8 (0,0,0)
542 (0,0,0)
542.2 (0,0,0)
542.4 (0,0,0)
542.6 (0,0,0)
542.8 (0,0,0)
543 (0,0,0)
543.2 (0,0,0)
543.4 (0,0,0)
543.6 (0,0,0)
543.8 (0,0,0)
544 (0,0,0)
544.2 (0,0,0)
544.4 (0,0,0)
544.6 (0,0,0)
544.8 (0,0,0)
545 (0,0,0)
545.2 (0,0,0)
545.4 (0,0,0)
545.6 (0,0,0)
545.8 (0,0,0)
546 (0,0,0)
546.2 (0,0,0)
546.4 (0,0,0)
546.6 (0,0,0)
546.8 (0,0,0)
547 (0,0,0)
547.2 (0,0,0)
547.4 (0,0,0)
547.6 (0,0,0)
547.8 (0,0,0)
548 (0,0,0)
548.2 (0,0,0)
548.4 (0,0,0)
548.6 (0,0,0)
548.8 (0,0,0)
549 (0,0,0)
549.2 (0,0,0)
549.4 (0,0,0)
549.6 (0,0,0)
549.8 (0,0,0)
550 (0,0,0)
550.2 (0,0,0)
550.4 (0,0,0)
550.6 (0,0,0)
550.8 (0,0,0)
551 (0,0,0)
551.2 (0,0,0)
551.4 (0,0,0)
551.6 (0,0,0)
551.8 (0,0,0)
552 (0,0,0)
552.2 (0,0,0)
552.4 (0,0,0)
552.6 (0,0,0)
552.8 (0,0,0)
553 (0,0,0)
553.2 (0,0,0)
553.4 (0,0,0)
553.6 (0,0,0)
553.8 (0,0,0)
554 (0,0,0)
554.2 (0,0,0)
554.4 (0,0,0)
554.6 (0,0,0)
554.8 (0,0,0)
555 (0,0,0)
555.2 (0,0,0)
555.4 (0,0,0)
555.6 (0,0,0)
555.8 (0,0,0)
556 (0,0,0)
556.2 (0,0,0)
556.4 (0,0,0)
556.6 (0,0,0)
556.8 (0,0,0)
557 (0,0,0)
557.2 (0,0,0)
557.4 (0,0,0)
557.6 (0,0,0)
557.8 (0,0,0)
558 (0,0,0)
558.2 (0,0,0)
558.4 (0,0,0)
558.6 (0,0,0)
558.8 (0,0,0)
559 (0,0,0)
559.2 (0,0,0)
559.4 (0,0,0)
559.6 (0,0,0)
559.8 (0,0,0)
560 (0,0,0)
560.2 (0,0,0)
560.4 (0,0,0)
560.6 (0,0,0)
560.8 (0,0,0)
561 (0,0,0)
561.2 (0,0,0)
561.4 (0,0,0)
561.6 (0,0,0)
561.8 (0,0,0)
562 (0,0,0)
562.2 (0,0,0)
562.4 (0,0,0)
562.6 (0,0,0)
562.8 (0,0,0)
563 (0,0,0)
563.2 (0,0,0)
563.4 (0,0,0)
563.6 (0,0,0)
563.8 (0,0,0)
564 (0,0,0)
564.2 (0,0,0)
564.4 (0,0,0)
564.6 (0,0,0)
564.8 (0,0,0)
565 (0,0,0)
565.2 (0,0,0)
565.4 (0,0,0)
565.6 (0,0,0)
565.8 (0,0,0)
566 (0,0,0)
566.2 (0,0,0)
566.4 (0,0,0)
566.6 (0,0,0)
566.8 (0,0,0)
567 (0,0,0)
567.2 (0,0,0)
567.4 (0,0,0)
567.6 (0,0,0)
567.8 (0,0,0)
568 (0,0,0)
568.2 (0,0,0)
568.4 (0,0,0)
568.6 (0,0,0)
568.8 (0,0,0)
569 (0,0,0)
569.2 (0,0,0)
569.4 (0,0,0)
569.6 (0,0,0)
569.8 (0,0,0)
570 (0,0,0)
570.2 (0,0,0)
570.4 (0,0,0)
570.6 (0,0,0)
570.8 (0,0,0)
571 (0,0,0)
571.2 (0,0,0)
571.4 (0,0,0)
571.6 (0,0,0)
571.8 (0,0,0)
572 (0,0,0)
572.2 (0,0,0)
572.4 (0,0,0)
572.6 (0,0,0)
572.8 (0,0,0)
573 (0,0,0)
573.2 (0,0,0)
573.4 (0,0,0)
573.6 (0,0,0)
573.8 (0,0,0)
574 (0,0,0)
574.2 (0,0,0)
574.4 (0,0,0)
574.6 (0,0,0)
574.8 (0,0,0)
575 (0,0,0)
575.2 (0,0,0)
575.4 (0,0,0)
575.6 (0,0,0)
575.8 (0,0,0)
576 (0,0,0)
576.2 (0,0,0)
576.4 (0,0,0)
576.6 (0,0,0)
576.8 (0,0,0)
577 (0,0,0)
577.2 (0,0,0)
577.4 (0,0,0)
577.6 (0,0,0)
577.8 (0,0,0)
578 (0,0,0)
578.2 (0,0,0)
578.4 (0,0,0)
578.6 (0,0,0)
578.8 (0,0,0)
579 (0,0,0)
579.2 (0,0,0)
579.4 (0,0,0)
579.6 (0,0,0)
579.8 (0,0,0)
580 (0,0,0)
580.2 (0,0,0)
580.4 (0,0,0)
580.6 (0,0,0)
580.8 (0,0,0)
581 (0,0,0)
581.2 (0,0,0)
581.4 (0,0,0)
581.6 (0,0,0)
581.8 (0,0,0)
582 (0,0,0)
582.2 (0,0,0)
582.4 (0,0,0)
582.6 (0,0,0)
582.8 (0,0,0)
583 (0,0,0)
583.2 (0,0,0)
583.4 (0,0,0)
583.6 (0,0,0)
583.8 (0,0,0)
584 (0,0,0)
584.2 (0,0,0)
584.4 (0,0,0)
584.6 (0,0,0)
584.8 (0,0,0)
585 (0,0,0)
585.2 (0,0,0)
585.4 (0,0,0)
585.6 (0,0,0)
585.8 (0,0,0)
586 (0,0,0)
586.2 (0,0,0)
586.4 (0,0,0)
586.6 (0,0,0)
586.8 (0,0,0)
587 (0,0,0)
587.2 (0,0,0)
587.4 (0,0,0)
587.6 (0,0,0)
587.8 (0,0,0)
588 (0,0,0)
588.2 (0,0,0)
588.4 (0,0,0)
588.6 (0,0,0)
588.8 (0,0,0)
589 (0,0,0)
589.2 (0,0,0)
589.4 (0,0,0)
589.6 (0,0,0)
589.8 (0,0,0)
590 (0,0,0)
590.2 (0,0,0)
590.4 (0,0,0)
590.6 (0,0,0)
590.8 (0,0,0)
591 (0,0,0)
591.2 (0,0,0)
591.4 (0,0,0)
591.6 (0,0,0)
591.8 (0,0,0)
592 (0,0,0)
592.2 (0,0,0)
592.4 (0,0,0)
592.6 (0,0,0)
592.8 (0,0,0)
593 (0,0,0)
593.2 (0,0,0)
593.4 (0,0,0)
593.6 (0,0,0)
593.8 (0,0,0)
594 (0,0,0)
594.2 (0,0,0)
594.4 (0,0,0)
594.6 (0,0,0)
594.8 (0,0,0)
595 (0,0,0)
595.2 (0,0,0)
595.4 (0,0,0)
595.6 (0,0,0)
595.8 (0,0,0)
596 (0,0,0)
596.2 (0,0,0)
596.4 (0,0,0)
596.6 (0,0,0)
596.8 (0,0,0)
597 (0,0,0)
597.2 (0,0,0)
597.4 (0,0,0)
597.6 (0,0,0)
597.8 (0,0,0)
598 (0,0,0)
598.2 (0,0,0)
598.4 (0,0,0)
598.6 (0,0,0)
598.8 (0,0,0)
599 (0,0,0)
599.2 (0,0,0)
599.4 (0,0,0)
599.6 (0,0,0)
599.8 (0,0,0)
600 (0,0,0)
600.2 (0,0,0)
600.4 (0,0,0)
600.6 (0,0,0)
600.8 (0,0,0)
601 (0,0,0)
601.2 (0,0,0)
601.4 (0,0,0)
601.6 (0,0,0)
601.8 (0,0,0)
602 (0,0,0)
602.2 (0,0,0)
602.4 (0,0,0)
602.6 (0,0,0)
602.8 (0,0,0)
603 (0,0,0)
603.2 (0,0,0)
603.4 (0,0,0)
603.6 (0,0,0)
603.8 (0,0,0)
604 (0,0,0)
604.2 (0,0,0)
604.4 (0,0,0)
604.6 (0,0,0)
604.8 (0,0,0)
605 (0,0,0)
605.2 (0,0,0)
605.4 (0,0,0)
605.6 (0,0,0)
605.8 (0,0,0)
606 (0,0,0)
606.2 (0,0,0)
606.4 (0,0,0)
606.6 (0,0,0)
606.8 (0,0,0)
607 (0,0,0)
607.2 (0,0,0)
607.4 (0,0,0)
607.6 (0,0,0)
607.8 (0,0,0)
608 (0,0,0)
608.2 (0,0,0)
608.4 (0,0,0)
608.6 (0,0,0)
608.8 (0,0,0)
609 (0,0,0)
609.2 (0,0,0)
609.4 (0,0,0)
609.6 (0,0,0)
609.8 (0,0,0)
610 (0,0,0)
610.2 (0,0,0)
610.4 (0,0,0)
610.6 (0,0,0)
610.8 (0,0,0)
611 (0,0,0)
611.2 (0,0,0)
611.4 (0,0,0)
611.6 (0,0,0)
611.8 (0,0,0)
612 (0,0,0)
612.2 (0,0,0)
612.4 (0,0,0)
612.6 (0,0,0)
612.8 (0,0,0)
613 (0,0,0)
613.2 (0,0,0)
613.4 (0,0,0)
613.6 (0,0,0)
613.8 (0,0,0)
614 (0,0,0)
614.2 (0,0,0)
614.4 (0,0,0)
614.6 (0,0,0)
614.8 (0,0,0)
615 (0,0,0)
615.2 (0,0,0)
615.4 (0,0,0)
615.6 (0,0,0)
615.8 (0,0,0)
616 (0,0,0)
616.2 (0,0,0)
616.4 (0,0,0)
616.6 (0,0,0)
616.8 (0,0,0)
617 (0,0,0)
617.2 (0,0,0)
617.4 (0,0,0)
617.6 (0,0,0)
617.8 (0,0,0)
618 (0,0,0)
618.2 (0,0,0)
618.4 (0,0,0)
618.6 (0,0,0)
618.8 (0,0,0)
619 (0,0,0)
619.2 (0,0,0)
619.4 (0,0,0)
619.6 (0,0,0)
619.8 (0,0,0)
620 (0,0,0)
620.2 (0,0,0)
620.4 (0,0,0)
620.6 (0,0,0)
620.8 (0,0,0)
621 (0,0,0)
621.2 (0,0,0)
621.4 (0,0,0)
621.6 (0,0,0)
621.8 (0,0,0)
622 (0,0,0)
622.2 (0,0,0)
622.4 (0,0,0)
622.6 (0,0,0)
622.8 (0,0,0)
623 (0,0,0)
623.2 (0,0,0)
623.4 (0,0,0)
623.6 (0,0,0)
623.8 (0,0,0)
624 (0,0,0)
624.2 (0,0,0)
624.4 (0,0,0)
624.6 (0,0,0)
624.8 (0,0,0)
625 (0,0,0)
625.2 (0,0,0)
625.4 (0,0,0)
625.6 (0,0,0)
625.8 (0,0,0)
626 (0,0,0)
626.2 (0,0,0)
626.4 (0,0,0)
626.6 (0,0,0)
626.8 (0,0,0)
627 (0,0,0)
627.2 (0,0,0)
627.4 (0,0,0)
627.6 (0,0,0)
627.8 (0,0,0)
628 (0,0,0)
628.2 (0,0,0)
628.4 (0,0,0)
628.6 (0,0,0)
628.8 (0,0,0)
629 (0,0,0)
629.2 (0,0,0)
629.4 (0,0,0)
629.6 (0,0,0)
629.8 (0,0,0)
630 (0,0,0)
630.2 (0,0,0)
630.4 (0,0,0)
630.6 (0,0,0)
630.8 (0,0,0)
631 (0,0,0)
631.2 (0,0,0)
631.4 (0,0,0)
631.6 (0,0,0)
631.8 (0,0,0)
632 (0,0,0)
632.2 (0,0,0)
632.4 (0,0,0)
632.6 (0,0,0)
632.8 (0,0,0)
633 (0,0,0)
633.2 (0,0,0)
633.4 (0,0,0)
633.6 (0,0,0)
633.8 (0,0,0)
634 (0,0,0)
634.2 (0,0,0)
634.4 (0,0,0)
634.6 (0,0,0)
634.8 (0,0,0)
635 (0,0,0)
635.2 (0,0,0)
635.4 (0,0,0)
635.6 (0,0,0)
635.8 (0,0,0)
636 (0,0,0)
636.2 (0,0,0)
636.4 (0,0,0)
636.6 (0,0,0)
636.8 (0,0,0)
637 (0,0,0)
637.2 (0,0,0)
637.4 (0,0,0)
637.6 (0,0,0)
637.8 (0,0,0)
638 (0,0,0)
638.2 (0,0,0)
638.4 (0,0,0)
638.6 (0,0,0)
638.8 (0,0,0)
639 (0,0,0)
639.2 (0,0,0)
639.4 (0,0,0)
639.6 (0,0,0)
639.8 (0,0,0)
640 (0,0,0)
640.2 (0,0,0)
640.4 (0,0,0)
640.6 (0,0,0)
640.8 (0,0,0)
641 (0,0,0)
641.2 (0,0,0)
641.4 (0,0,0)
641.6 (0,0,0)
641.8 (0,0,0)
642 (0,0,0)
642.2 (0,0,0)
642.4 (0,0,0)
642.6 (0,0,0)
642.8 (0,0,0)
643 (0,0,0)
643.2 (0,0,0)
643.4 (0,0,0)
643.6 (0,0,0)
643.8 (0,0,0)
644 (0,0,0)
644.2 (0,0,0)
644.4 (0,0,0)
644.6 (0,0,0)
644.8 (0,0,0)
645 (0,0,0)
645.2 (0,0,0)
645.4 (0,0,0)
645.6 (0,0,0)
645.8 (0,0,0)
646 (0,0,0)
646.2 (0,0,0)
646.4 (0,0,0)
646.6 (0,0,0)
646.8 (0,0,0)
647 (0,0,0)
647.2 (0,0,0)
647.4 (0,0,0)
647.6 (0,0,0)
647.8 (0,0,0)
648 (0,0,0)
648.2 (0,0,0)
648.4 (0,0,0)
648.6 (0,0,0)
648.8 (0,0,0)
649 (0,0,0)
649.2 (0,0,0)
649.4 (0,0,0)
649.6 (0,0,0)
649.8 (0,0,0)
650 (0,0,0)
650.2 (0,0,0)
650.4 (0,0,0)
650.6 (0,0,0)
650.8 (0,0,0)
651 (0,0,0)
651.2 (0,0,0)
651.4 (0,0,0)
651.6 (0,0,0)
651.8 (0,0,0)
652 (0,0,0)
652.2 (0,0,0)
652.4 (0,0,0)
652.6 (0,0,0)
652.8 (0,0,0)
653 (0,0,0)
653.2 (0,0,0)
653.4 (0,0,0)
653.6 (0,0,0)
653.8 (0,0,0)
654 (0,0,0)
654.2 (0,0,0)
654.4 (0,0,0)
654.6 (0,0,0)
654.8 (0,0,0)
655 (0,0,0)
655.2 (0,0,0)
655.4 (0,0,0)
655.6 (0,0,0)
655.8 (0,0,0)
656 (0,0,0)
656.2 (0,0,0)
656.4 (0,0,0)
656.6 (0,0,0)
656.8 (0,0,0)
657 (0,0,0)
657.2 (0,0,0)
657.4 (0,0,0)
657.6 (0,0,0)
657.8 (0,0,0)
658 (0,0,0)
658.2 (0,0,0)
658.4 (0,0,0)
658.6 (0,0,0)
658.8 (0,0,0)
659 (0,0,0)
659.2 (0,0,0)
659.4 (0,0,0)
659.6 (0,0,0)
659.8 (0,0,0)
660 (0,0,0)
660.2 (0,0,0)
660.4 (0,0,0)
660.6 (0,0,0)
660.8 (0,0,0)
661 (0,0,0)
661.2 (0,0,0)
661.4 (0,0,0)
661.6 (0,0,0)
661.8 (0,0,0)
662 (0,0,0)
662.2 (0,0,0)
662.4 (0,0,0)
662.6 (0,0,0)
662.8 (0,0,0)
663 (0,0,0)
663.2 (0,0,0)
663.4 (0,0,0)
663.6 (0,0,0)
663.8 (0,0,0)
664 (0,0,0)
664.2 (0,0,0)
664.4 (0,0,0)
664.6 (0,0,0)
664.8 (0,0,0)
665 (0,0,0)
665.2 (0,0,0)
665.4 (0,0,0)
665.6 (0,0,0)
665.8 (0,0,0)
666 (0,0,0)
666.2 (0,0,0)
666.4 (0,0,0)
666.6 (0,0,0)
666.8 (0,0,0)
667 (0,0,0)
667.2 (0,0,0)
667.4 (0,0,0)
667.6 (0,0,0)
667.8 (0,0,0)
668 (0,0,0)
668.2 (0,0,0)
668.4 (0,0,0)
668.6 (0,0,0)
668.8 (0,0,0)
669 (0,0,0)
669.2 (0,0,0)
669.4 (0,0,0)
669.6 (0,0,0)
669.8 (0,0,0)
670 (0,0,0)
670.2 (0,0,0)
670.4 (0,0,0)
670.6 (0,0,0)
670.8 (0,0,0)
671 (0,0,0)
671.2 (0,0,0)
671.4 (0,0,0)
671.6 (0,0,0)
671.8 (0,0,0)
672 (0,0,0)
672.2 (0,0,0)
672.4 (0,0,0)
672.6 (0,0,0)
672.8 (0,0,0)
673 (0,0,0)
673.2 (0,0,0)
673.4 (0,0,0)
673.6 (0,0,0)
673.8 (0,0,0)
674 (0,0,0)
674.2 (0,0,0)
674.4 (0,0,0)
674.6 (0,0,0)
674.8 (0,0,0)
675 (0,0,0)
675.2 (0,0,0)
675.4 (0,0,0)
675.6 (0,0,0)
675.8 (0,0,0)
676 (0,0,0)
676.2 (0,0,0)
676.4 (0,0,0)
676.6 (0,0,0)
676.8 (0,0,0)
677 (0,0,0)
677.2 (0,0,0)
677.4 (0,0,0)
677.6 (0,0,0)
677.8 (0,0,0)
678 (0,0,0)
678.2 (0,0,0)
678.4 (0,0,0)
678.6 (0,0,0)
678.8 (0,0,0)
679 (0,0,0)
679.2 (0,0,0)
679.4 (0,0,0)
679.6 (0,0,0)
679.8 (0,0,0)
680 (0,0,0)
680.2 (0,0,0)
680.4 (0,0,0)
680.6 (0,0,0)
680.8 (0,0,0)
681 (0,0,0)
681.2 (0,0,0)
681.4 (0,0,0)
681.6 (0,0,0)
681.8 (0,0,0)
682 (0,0,0)
682.2 (0,0,0)
682.4 (0,0,0)
682.6 (0,0,0)
682.8 (0,0,0)
683 (0,0,0)
683.2 (0,0,0)
683.4 (0,0,0)
683.6 (0,0,0)
683.8 (0,0,0)
684 (0,0,0)
684.2 (0,0,0)
684.4 (0,0,0)
684.6 (0,0,0)
684.8 (0,0,0)
685 (0,0,0)
685.2 (0,0,0)
685.4 (0,0,0)
685.6 (0,0,0)
685.8 (0,0,0)
686 (0,0,0)
686.2 (0,0,0)
686.4 (0,0,0)
686.6 (0,0,0)
686.8 (0,0,0)
687 (0,0,0)
687.2 (0,0,0)
687.4 (0,0,0)
687.6 (0,0,0)
687.8 (0,0,0)
688 (0,0,0)
688.2 (0,0,0)
688.4 (0,0,0)
688.6 (0,0,0)
688.8 (0,0,0)
689 (0,0,0)
689.2 (0,0,0)
689.4 (0,0,0)
689.6 (0,0,0)
689.8 (0,0,0)
690 (0,0,0)
690.2 (0,0,0)
690.4 (0,0,0)
690.6 (0,0,0)
690.8 (0,0,0)
691 (0,0,0)
691.2 (0,0,0)
691.4 (0,0,0)
691.6 (0,0,0)
691.8 (0,0,0)
692 (0,0,0)
692.2 (0,0,0)
692.4 (0,0,0)
692.6 (0,0,0)
692.8 (0,0,0)
693 (0,0,0)
693.2 (0,0,0)
693.4 (0,0,0)
693.6 (0,0,0)
693.8 (0,0,0)
694 (0,0,0)
694.2 (0,0,0)
694.4 (0,0,0)
694.6 (0,0,0)
694.8 (0,0,0)
695 (0,0,0)
695.2 (0,0,0)
695.4 (0,0,0)
695.6 (0,0,0)
695.8 (0,0,0)
696 (0,0,0)
696.2 (0,0,0)
696.4 (0,0,0)
696.6 (0,0,0)
696.8 (0,0,0)
697 (0,0,0)
697.2 (0,0,0)
697.4 (0,0,0)
697.6 (0,0,0)
697.8 (0,0,0)
698 (0,0,0)
698.2 (0,0,0)
698.4 (0,0,0)
698.6 (0,0,0)
698.8 (0,0,0)
699 (0,0,0)
699.2 (0,0,0)
699.4 (0,0,0)
699.6 (0,0,0)
699.8 (0,0,0)
700 (0,0,0)
700.2 (0,0,0)
700.4 (0,0,0)
700.6 (0,0,0)
700.8 (0,0,0)
701 (0,0,0)
701.2 (0,0,0)
701.4 (0,0,0)
701.6 (0,0,0)
701.8 (0,0,0)
702 (0,0,0)
702.2 (0,0,0)
702.4 (0,0,0)
702.6 (0,0,0)
702.8 (0,0,0)
703 (0,0,0)
703.2 (0,0,0)
703.4 (0,0,0)
703.6 (0,0,0)
703.8 (0,0,0)
704 (0,0,0)
704.2 (0,0,0)
704.4 (0,0,0)
704.6 (0,0,0)
704.8 (0,0,0)
705 (0,0,0)
705.2 (0,0,0)
705.4 (0,0,0)
705.6 (0,0,0)
705.8 (0,0,0)
706 (0,0,0)
706.2 (0,0,0)
706.4 (0,0,0)
706.6 (0,0,0)
706.8 (0,0,0)
707 (0,0,0)
707.2 (0,0,0)
707.4 (0,0,0)
707.6 (0,0,0)
707.8 (0,0,0)
708 (0,0,0)
708.2 (0,0,0)
708.4 (0,0,0)
708.6 (0,0,0)
708.8 (0,0,0)
709 (0,0,0)
709.2 (0,0,0)
709.4 (0,0,0)
709.6 (0,0,0)
709.8 (0,0,0)
710 (0,0,0)
710.2 (0,0,0)
710.4 (0,0,0)
710.6 (0,0,0)
710.8 (0,0,0)
711 (0,0,0)
711.2 (0,0,0)
711.4 (0,0,0)
711.6 (0,0,0)
711.8 (0,0,0)
712 (0,0,0)
712.2 (0,0,0)
712.4 (0,0,0)
712.6 (0,0,0)
712.8 (0,0,0)
713 (0,0,0)
713.2 (0,0,0)
713.4 (0,0,0)
713.6 (0,0,0)
713.8 (0,0,0)
714 (0,0,0)
714.2 (0,0,0)
714.4 (0,0,0)
714.6 (0,0,0)
714.8 (0,0,0)
715 (0,0,0)
715.2 (0,0,0)
715.4 (0,0,0)
715.6 (0,0,0)
715.8 (0,0,0)
716 (0,0,0)
716.2 (0,0,0)
716.4 (0,0,0)
716.6 (0,0,0)
716.8 (0,0,0)
717 (0,0,0)
717.2 (0,0,0)
717.4 (0,0,0)
717.6 (0,0,0)
717.8 (0,0,0)
718 (0,0,0)
718.2 (0,0,0)
718.4 (0,0,0)
718.6 (0,0,0)
718.8 (0,0,0)
719 (0,0,0)
719.2 (0,0,0)
719.4 (0,0,0)
719.6 (0,0,0)
719.8 (0,0,0)
720 (0,0,0)
720.2 (0,0,0)
720.4 (0,0,0)
720.6 (0,0,0)
720.8 (0,0,0)
721 (0,0,0)
721.2 (0,0,0)
721.4 (0,0,0)
721.6 (0,0,0)
721.8 (0,0,0)
722 (0,0,0)
722.2 (0,0,0)
722.4 (0,0,0)
722.6 (0,0,0)
722.8 (0,0,0)
723 (0,0,0)
723.2 (0,0,0)
723.4 (0,0,0)
723.6 (0,0,0)
723.8 (0,0,0)
724 (0,0,0)
724.2 (0,0,0)
724.4 (0,0,0)
724.6 (0,0,0)
724.8 (0,0,0)
725 (0,0,0)
725.2 (0,0,0)
725.4 (0,0,0)
725.6 (0,0,0)
725.8 (0,0,0)
726 (0,0,0)
726.2 (0,0,0)
726.4 (0,0,0)
726.6 (0,0,0)
726.8 (0,0,0)
727 (0,0,0)
727.2 (0,0,0)
727.4 (0,0,0)
727.6 (0,0,0)
727.8 (0,0,0)
728 (0,0,0)
728.2 (0,0,0)
728.4 (0,0,0)
728.6 (0,0,0)
728.8 (0,0,0)
729 (0,0,0)
729.2 (0,0,0)
729.4 (0,0,0)
729.6 (0,0,0)
729.8 (0,0,0)
730 (0,0,0)
730.2 (0,0,0)
730.4 (0,0,0)
730.6 (0,0,0)
730.8 (0,0,0)
731 (0,0,0)
731.2 (0,0,0)
731.4 (0,0,0)
731.6 (0,0,0)
731.8 (0,0,0)
732 (0,0,0)
732.2 (0,0,0)
732.4 (0,0,0)
732.6 (0,0,0)
732.8 (0,0,0)
733 (0,0,0)
733.2 (0,0,0)
733.4 (0,0,0)
733.6 (0,0,0)
733.8 (0,0,0)
734 (0,0,0)
734.2 (0,0,0)
734.4 (0,0,0)
734.6 (0,0,0)
734.8 (0,0,0)
735 (0,0,0)
735.2 (0,0,0)
735.4 (0,0,0)
735.6 (0,0,0)
735.8 (0,0,0)
736 (0,0,0)
736.2 (0,0,0)
736.4 (0,0,0)
736.6 (0,0,0)
736.8 (0,0,0)
737 (0,0,0)
737.2 (0,0,0)
737.4 (0,0,0)
737.6 (0,0,0)
737.8 (0,0,0)
738 (0,0,0)
738.2 (0,0,0)
738.4 (0,0,0)
738.6 (0,0,0)
738.8 (0,0,0)
739 (0,0,0)
739.2 (0,0,0)
739.4 (0,0,0)
739.6 (0,0,0)
739.8 (0,0,0)
740 (0,0,0)
740.2 (0,0,0)
740.4 (0,0,0)
740.6 (0,0,0)
740.8 (0,0,0)
741 (0,0,0)
741.2 (0,0,0)
741.4 (0,0,0)
741.6 (0,0,0)
741.8 (0,0,0)
742 (0,0,0)
742.2 (0,0,0)
742.4 (0,0,0)
742.6 (0,0,0)
742.8 (0,0,0)
743 (0,0,0)
743.2 (0,0,0)
743.4 (0,0,0)
743.6 (0,0,0)
743.8 (0,0,0)
744 (0,0,0)
744.2 (0,0,0)
744.4 (0,0,0)
744.6 (0,0,0)
744.8 (0,0,0)
745 (0,0,0)
745.2 (0,0,0)
745.4 (0,0,0)
745.6 (0,0,0)
745.8 (0,0,0)
746 (0,0,0)
746.2 (0,0,0)
746.4 (0,0,0)
746.6 (0,0,0)
746.8 (0,0,0)
747 (0,0,0)
747.2 (0,0,0)
747.4 (0,0,0)
747.6 (0,0,0)
747.8 (0,0,0)
748 (0,0,0)
748.2 (0,0,0)
748.4 (0,0,0)
748.6 (0,0,0)
748.8 (0,0,0)
749 (0,0,0)
749.2 (0,0,0)
749.4 (0,0,0)
749.6 (0,0,0)
749.8 (0,0,0)
750 (0,0,0)
750.2 (0,0,0)
750.4 (0,0,0)
750.6 (0,0,0)
750.8 (0,0,0)
751 (0,0,0)
751.2 (0,0,0)
751.4 (0,0,0)
751.6 (0,0,0)
751.8 (0,0,0)
752 (0,0,0)
752.2 (0,0,0)
752.4 (0,0,0)
752.6 (0,0,0)
752.8 (0,0,0)
753 (0,0,0)
753.2 (0,0,0)
753.4 (0,0,0)
753.6 (0,0,0)
753.8 (0,0,0)
754 (0,0,0)
754.2 (0,0,0)
754.4 (0,0,0)
754.6 (0,0,0)
754.8 (0,0,0)
755 (0,0,0)
755.2 (0,0,0)
755.4 (0,0,0)
755.6 (0,0,0)
755.8 (0,0,0)
756 (0,0,0)
756.2 (0,0,0)
756.4 (0,0,0)
756.6 (0,0,0)
756.8 (0,0,0)
757 (0,0,0)
757.2 (0,0,0)
757.4 (0,0,0)
757.6 (0,0,0)
757.8 (0,0,0)
758 (0,0,0)
758.2 (0,0,0)
758.4 (0,0,0)
758.6 (0,0,0)
758.8 (0,0,0)
759 (0,0,0)
759.2 (0,0,0)
759.4 (0,0,0)
759.6 (0,0,0)
759.8 (0,0,0)
760 (0,0,0)
760.2 (0,0,0)
760.4 (0,0,0)
760.6 (0,0,0)
760.8 (0,0,0)
761 (0,0,0)
761.2 (0,0,0)
761.4 (0,0,0)
761.6 (0,0,0)
761.8 (0,0,0)
762 (0,0,0)
762.2 (0,0,0)
762.4 (0,0,0)
762.6 (0,0,0)
762.8 (0,0,0)
763 (0,0,0)
763.2 (0,0,0)
763.4 (0,0,0)
763.6 (0,0,0)
763.8 (0,0,0)
764 (0,0,0)
764.2 (0,0,0)
764.4 (0,0,0)
764.6 (0,0,0)
764.8 (0,0,0)
765 (0,0,0)
765.2 (0,0,0)
765.4 (0,0,0)
765.6 (0,0,0)
765.8 (0,0,0)
766 (0,0,0)
766.2 (0,0,0)
766.4 (0,0,0)
766.6 (0,0,0)
766.8 (0,0,0)
767 (0,0,0)
767.2 (0,0,0)
767.4 (0,0,0)
767.6 (0,0,0)
767.8 (0,0,0)
768 (0,0,0)
768.2 (0,0,0)
768.4 (0,0,0)
768.6 (0,0,0)
768.8 (0,0,0)
769 (0,0,0)
769.2 (0,0,0)
769.4 (0,0,0)
769.6 (0,0,0)
769.8 (0,0,0)
770 (0,0,0)
770.2 (0,0,0)
770.4 (0,0,0)
770.6 (0,0,0)
770.8 (0,0,0)
771 (0,0,0)
771.2 (0,0,0)
771.4 (0,0,0)
771.6 (0,0,0)
771.8 (0,0,0)
772 (0,0,0)
772.2 (0,0,0)
772.4 (0,0,0)
772.6 (0,0,0)
772.8 (0,0,0)
773 (0,0,0)
773.2 (0,0,0)
773.4 (0,0,0)
773.6 (0,0,0)
773.8 (0,0,0)
774 (0,0,0)
774.2 (0,0,0)
774.4 (0,0,0)
774.6 (0,0,0)
774.8 (0,0,0)
775 (0,0,0)
775.2 (0,0,0)
775.4 (0,0,0)
775.6 (0,0,0)
775.8 (0,0,0)
776 (0,0,0)
776.2 (0,0,0)
776.4 (0,0,0)
776.6 (0,0,0)
776.8 (0,0,0)
777 (0,0,0)
777.2 (0,0,0)
777.4 (0,0,0)
777.6 (0,0,0)
777.8 (0,0,0)
778 (0,0,0)
778.2 (0,0,0)
778.4 (0,0,0)
778.6 (0,0,0)
778.8 (0,0,0)
779 (0,0,0)
779.2 (0,0,0)
779.4 (0,0,0)
779.6 (0,0,0)
779.8 (0,0,0)
780 (0,0,0)
780.2 (0,0,0)
780.4 (0,0,0)
780.6 (0,0,0)
780.8 (0,0,0)
781 (0,0,0)
781.2 (0,0,0)
781.4 (0,0,0)
781.6 (0,0,0)
781.8 (0,0,0)
782 (0,0,0)
782.2 (0,0,0)
782.4 (0,0,0)
782.6 (0,0,0)
782.8 (0,0,0)
783 (0,0,0)
783.2 (0,0,0)
783.4 (0,0,0)
783.6 (0,0,0)
783.8 (0,0,0)
784 (0,0,0)
784.2 (0,0,0)
784.4 (0,0,0)
784.6 (0,0,0)
784.8 (0,0,0)
785 (0,0,0)
785.2 (0,0,0)
785.4 (0,0,0)
785.6 (0,0,0)
785.8 (0,0,0)
786 (0,0,0)
786.2 (0,0,0)
786.4 (0,0,0)
786.6 (0,0,0)
786.8 (0,0,0)
787 (0,0,0)
787.2 (0,0,0)
787.4 (0,0,0)
787.6 (0,0,0)
787.8 (0,0,0)
788 (0,0,0)
788.2 (0,0,0)
788.4 (0,0,0)
788.6 (0,0,0)
788.8 (0,0,0)
789 (0,0,0)
789.2 (0,0,0)
789.4 (0,0,0)
789.6 (0,0,0)
789.8 (0,0,0)
790 (0,0,0)
790.2 (0,0,0)
790.4 (0,0,0)
790.6 (0,0,0)
790.8 (0,0,0)
791 (0,0,0)
791.2 (0,0,0)
791.4 (0,0,0)
791.6 (0,0,0)
791.8 (0,0,0)
792 (0,0,0)
792.2 (0,0,0)
792.4 (0,0,0)
792.6 (0,0,0)
792.8 (0,0,0)
793 (0,0,0)
793.2 (0,0,0)
793.4 (0,0,0)
793.6 (0,0,0)
793.8 (0,0,0)
794 (0,0,0)
794.2 (0,0,0)
794.4 (0,0,0)
794.6 (0,0,0)
794.8 (0,0,0)
795 (0,0,0)
795.2 (0,0,0)
795.4 (0,0,0)
795.6 (0,0,0)
795.8 (0,0,0)
796 (0,0,0)
796.2 (0,0,0)
796.4 (0,0,0)
796.6 (0,0,0)
796.8 (0,0,0)
797 (0,0,0)
797.2 (0,0,0)
797.4 (0,0,0)
797.6 (0,0,0)
797.8 (0,0,0)
798 (0,0,0)
798.2 (0,0,0)
798.4 (0,0,0)
798.6 (0,0,0)
798.8 (0,0,0)
799 (0,0,0)
799.2 (0,0,0)
799.4 (0,0,0)
799.6 (0,0,0)
799.8 (0,0,0)
800 (0,0,0)
800.2 (0,0,0)
800.4 (0,0,0)
800.6 (0,0,0)
800.8 (0,0,0)
801 (0,0,0)
801.2 (0,0,0)
801.4 (0,0,0)
801.6 (0,0,0)
801.8 (0,0,0)
802 (0,0,0)
802.2 (0,0,0)
802.4 (0,0,0)
802.6 (0,0,0)
802.8 (0,0,0)
803 (0,0,0)
803.2 (0,0,0)
803.4 (0,0,0)
803.6 (0,0,0)
803.8 (0,0,0)
804 (0,0,0)
804.2 (0,0,0)
804.4 (0,0,0)
804.6 (0,0,0)
804.8 (0,0,0)
805 (0,0,0)
805.2 (0,0,0)
805.4 (0,0,0)
805.6 (0,0,0)
805.8 (0,0,0)
806 (0,0,0)
806.2 (0,0,0)
806.4 (0,0,0)
806.6 (0,0,0)
806.8 (0,0,0)
807 (0,0,0)
807.2 (0,0,0)
807.4 (0,0,0)
807.6 (0,0,0)
807.8 (0,0,0)
808 (0,0,0)
808.2 (0,0,0)
808.4 (0,0,0)
808.6 (0,0,0)
808.8 (0,0,0)
809 (0,0,0)
809.2 (0,0,0)
809.4 (0,0,0)
809.6 (0,0,0)
809.8 (0,0,0)
810 (0,0,0)
810.2 (0,0,0)
810.4 (0,0,0)
810.6 (0,0,0)
810.8 (0,0,0)
811 (0,0,0)
811.2 (0,0,0)
811.4 (0,0,0)
811.6 (0,0,0)
811.8 (0,0,0)
812 (0,0,0)
812.2 (0,0,0)
812.4 (0,0,0)
812.6 (0,0,0)
812.8 (0,0,0)
813 (0,0,0)
813.2 (0,0,0)
813.4 (0,0,0)
813.6 (0,0,0)
813.8 (0,0,0)
814 (0,0,0)
814.2 (0,0,0)
814.4 (0,0,0)
814.6 (0,0,0)
814.8 (0,0,0)
815 (0,0,0)
815.2 (0,0,0)
815.4 (0,0,0)
815.6 (0,0,0)
815.8 (0,0,0)
816 (0,0,0)
816.2 (0,0,0)
816.4 (0,0,0)
816.6 (0,0,0)
816.8 (0,0,0)
817 (0,0,0)
817.2 (0,0,0)
817.4 (0,0,0)
817.6 (0,0,0)
817.8 (0,0,0)
818 (0,0,0)
818.2 (0,0,0)
818.4 (0,0,0)
818.6 (0,0,0)
818.8 (0,0,0)
819 (0,0,0)
819.2 (0,0,0)
819.4 (0,0,0)
819.6 (0,0,0)
819.8 (0,0,0)
820 (0,0,0)
820.2 (0,0,0)
820.4 (0,0,0)
820.6 (0,0,0)
820.8 (0,0,0)
821 (0,0,0)
821.2 (0,0,0)
821.4 (0,0,0)
821.6 (0,0,0)
821.8 (0,0,0)
822 (0,0,0)
822.2 (0,0,0)
822.4 (0,0,0)
822.6 (0,0,0)
822.8 (0,0,0)
823 (0,0,0)
823.2 (0,0,0)
823.4 (0,0,0)
823.6 (0,0,0)
823.8 (0,0,0)
824 (0,0,0)
824.2 (0,0,0)
824.4 (0,0,0)
824.6 (0,0,0)
824.8 (0,0,0)
825 (0,0,0)
825.2 (0,0,0)
825.4 (0,0,0)
825.6 (0,0,0)
825.8 (0,0,0)
826 (0,0,0)
826.2 (0,0,0)
826.4 (0,0,0)
826.6 (0,0,0)
826.8 (0,0,0)
827 (0,0,0)
827.2 (0,0,0)
827.4 (0,0,0)
827.6 (0,0,0)
827.8 (0,0,0)
828 (0,0,0)
828.2 (0,0,0)
828.4 (0,0,0)
828.6 (0,0,0)
828.8 (0,0,0)
829 (0,0,0)
829.2 (0,0,0)
829.4 (0,0,0)
829.6 (0,0,0)
829.8 (0,0,0)
830 (0,0,0)
830.2 (0,0,0)
830.4 (0,0,0)
830.6 (0,0,0)
830.8 (0,0,0)
831 (0,0,0)
831.2 (0,0,0)
831.4 (0,0,0)
831.6 (0,0,0)
831.8 (0,0,0)
832 (0,0,0)
832.2 (0,0,0)
832.4 (0,0,0)
832.6 (0,0,0)
832.8 (0,0,0)
833 (0,0,0)
833.2 (0,0,0)
833.4 (0,0,0)
833.6 (0,0,0)
833.8 (0,0,0)
834 (0,0,0)
834.2 (0,0,0)
834.4 (0,0,0)
834.6 (0,0,0)
834.8 (0,0,0)
835 (0,0,0)
835.2 (0,0,0)
835.4 (0,0,0)
835.6 (0,0,0)
835.8 (0,0,0)
836 (0,0,0)
836.2 (0,0,0)
836.4 (0,0,0)
836.6 (0,0,0)
836.8 (0,0,0)
837 (0,0,0)
837.2 (0,0,0)
837.4 (0,0,0)
837.6 (0,0,0)
837.8 (0,0,0)
838 (0,0,0)
838.2 (0,0,0)
838.4 (0,0,0)
838.6 (0,0,0)
838.8 (0,0,0)
839 (0,0,0)
839.2 (0,0,0)
839.4 (0,0,0)
839.6 (0,0,0)
839.8 (0,0,0)
840 (0,0,0)
840.2 (0,0,0)
840.4 (0,0,0)
840.6 (0,0,0)
840.8 (0,0,0)
841 (0,0,0)
841.2 (0,0,0)
841.4 (0,0,0)
841.6 (0,0,0)
841.8 (0,0,0)
842 (0,0,0)
842.2 (0,0,0)
842.4 (0,0,0)
842.6 (0,0,0)
842.8 (0,0,0)
843 (0,0,0)
843.2 (0,0,0)
843.4 (0,0,0)
843.6 (0,0,0)
843.8 (0,0,0)
844 (0,0,0)
844.2 (0,0,0)
844.4 (0,0,0)
844.6 (0,0,0)
844.8 (0,0,0)
845 (0,0,0)
845.2 (0,0,0)
845.4 (0,0,0)
845.6 (0,0,0)
845.8 (0,0,0)
846 (0,0,0)
846.2 (0,0,0)
846.4 (0,0,0)
846.6 (0,0,0)
846.8 (0,0,0)
847 (0,0,0)
847.2 (0,0,0)
847.4 (0,0,0)
847.6 (0,0,0)
847.8 (0,0,0)
848 (0,0,0)
848.2 (0,0,0)
848.4 (0,0,0)
848.6 (0,0,0)
848.8 (0,0,0)
849 (0,0,0)
849.2 (0,0,0)
849.4 (0,0,0)
849.6 (0,0,0)
849.8 (0,0,0)
850 (0,0,0)
850.2 (0,0,0)
850.4 (0,0,0)
850.6 (0,0,0)
850.8 (0,0,0)
851 (0,0,0)
851.2 (0,0,0)
851.4 (0,0,0)
851.6 (0,0,0)
851.8 (0,0,0)
852 (0,0,0)
852.2 (0,0,0)
852.4 (0,0,0)
852.6 (0,0,0)
852.8 (0,0,0)
853 (0,0,0)
853.2 (0,0,0)
853.4 (0,0,0)
853.6 (0,0,0)
853.8 (0,0,0)
854 (0,0,0)
854.2 (0,0,0)
854.4 (0,0,0)
854.6 (0,0,0)
854.8 (0,0,0)
855 (0,0,0)
855.2 (0,0,0)
855.4 (0,0,0)
855.6 (0,0,0)
855.8 (0,0,0)
856 (0,0,0)
856.2 (0,0,0)
856.4 (0,0,0)
856.6 (0,0,0)
856.8 (0,0,0)
857 (0,0,0)
857.2 (0,0,0)
857.4 (0,0,0)
857.6 (0,0,0)
857.8 (0,0,0)
858 (0,0,0)
858.2 (0,0,0)
858.4 (0,0,0)
858.6 (0,0,0)
858.8 (0,0,0)
859 (0,0,0)
859.2 (0,0,0)
859.4 (0,0,0)
859.6 (0,0,0)
859.8 (0,0,0)
860 (0,0,0)
860.2 (0,0,0)
860.4 (0,0,0)
860.6 (0,0,0)
860.8 (0,0,0)
861 (0,0,0)
861.2 (0,0,0)
861.4 (0,0,0)
861.6 (0,0,0)
861.8 (0,0,0)
862 (0,0,0)
862.2 (0,0,0)
862.4 (0,0,0)
862.6 (0,0,0)
862.8 (0,0,0)
863 (0,0,0)
863.2 (0,0,0)
863.4 (0,0,0)
863.6 (0,0,0)
863.8 (0,0,0)
864 (0,0,0)
864.2 (0,0,0)
864.4 (0,0,0)
864.6 (0,0,0)
864.8 (0,0,0)
865 (0,0,0)
865.2 (0,0,0)
865.4 (0,0,0)
865.6 (0,0,0)
865.8 (0,0,0)
866 (0,0,0)
866.2 (0,0,0)
866.4 (0,0,0)
866.6 (0,0,0)
866.8 (0,0,0)
867 (0,0,0)
867.2 (0,0,0)
867.4 (0,0,0)
867.6 (0,0,0)
867.8 (0,0,0)
868 (0,0,0)
868.2 (0,0,0)
868.4 (0,0,0)
868.6 (0,0,0)
868.8 (0,0,0)
869 (0,0,0)
869.2 (0,0,0)
869.4 (0,0,0)
869.6 (0,0,0)
869.8 (0,0,0)
870 (0,0,0)
870.2 (0,0,0)
870.4 (0,0,0)
870.6 (0,0,0)
870.8 (0,0,0)
871 (0,0,0)
871.2 (0,0,0)
871.4 (0,0,0)
871.6 (0,0,0)
871.8 (0,0,0)
872 (0,0,0)
872.2 (0,0,0)
872.4 (0,0,0)
872.6 (0,0,0)
872.8 (0,0,0)
873 (0,0,0)
873.2 (0,0,0)
873.4 (0,0,0)
873.6 (0,0,0)
873.8 (0,0,0)
874 (0,0,0)
874.2 (0,0,0)
874.4 (0,0,0)
874.6 (0,0,0)
874.8 (0,0,0)
875 (0,0,0)
875.2 (0,0,0)
875.4 (0,0,0)
875.6 (0,0,0)
875.8 (0,0,0)
876 (0,0,0)
876.2 (0,0,0)
876.4 (0,0,0)
876.6 (0,0,0)
876.8 (0,0,0)
877 (0,0,0)
877.2 (0,0,0)
877.4 (0,0,0)
877.6 (0,0,0)
877.8 (0,0,0)
878 (0,0,0)
878.2 (0,0,0)
878.4 (0,0,0)
878.6 (0,0,0)
878.8 (0,0,0)
879 (0,0,0)
879.2 (0,0,0)
879.4 (0,0,0)
879.6 (0,0,0)
879.8 (0,0,0)
880 (0,0,0)
880.2 (0,0,0)
880.4 (0,0,0)
880.6 (0,0,0)
880.8 (0,0,0)
881 (0,0,0)
881.2 (0,0,0)
881.4 (0,0,0)
881.6 (0,0,0)
881.8 (0,0,0)
882 (0,0,0)
882.2 (0,0,0)
882.4 (0,0,0)
882.6 (0,0,0)
882.8 (0,0,0)
883 (0,0,0)
883.2 (0,0,0)
883.4 (0,0,0)
883.6 (0,0,0)
883.8 (0,0,0)
884 (0,0,0)
884.2 (0,0,0)
884.4 (0,0,0)
884.6 (0,0,0)
884.8 (0,0,0)
885 (0,0,0)
885.2 (0,0,0)
885.4 (0,0,0)
885.6 (0,0,0)
885.8 (0,0,0)
886 (0,0,0)
886.2 (0,0,0)
886.4 (0,0,0)
886.6 (0,0,0)
886.8 (0,0,0)
887 (0,0,0)
887.2 (0,0,0)
887.4 (0,0,0)
887.6 (0,0,0)
887.8 (0,0,0)
888 (0,0,0)
888.2 (0,0,0)
888.4 (0,0,0)
888.6 (0,0,0)
888.8 (0,0,0)
889 (0,0,0)
889.2 (0,0,0)
889.4 (0,0,0)
889.6 (0,0,0)
889.8 (0,0,0)
890 (0,0,0)
890.2 (0,0,0)
890.4 (0,0,0)
890.6 (0,0,0)
890.8 (0,0,0)
891 (0,0,0)
891.2 (0,0,0)
891.4 (0,0,0)
891.6 (0,0,0)
891.8 (0,0,0)
892 (0,0,0)
892.2 (0,0,0)
892.4 (0,0,0)
892.6 (0,0,0)
892.8 (0,0,0)
893 (0,0,0)
893.2 (0,0,0)
893.4 (0,0,0)
893.6 (0,0,0)
893.8 (0,0,0)
894 (0,0,0)
894.2 (0,0,0)
894.4 (0,0,0)
894.6 (0,0,0)
894.8 (0,0,0)
895 (0,0,0)
895.2 (0,0,0)
895.4 (0,0,0)
895.6 (0,0,0)
895.8 (0,0,0)
896 (0,0,0)
896.2 (0,0,0)
896.4 (0,0,0)
896.6 (0,0,0)
896.8 (0,0,0)
897 (0,0,0)
# Antenna 1 at (0m, -90m, -0m) (Geant4 coordinates)
494.2 (0,0,0)
494.4 (0,0,0)
494.6 (0,0,0)
494.8 (0,0,0)
495 (0,0,0)
495.2 (0,0,0)
495.4 (0,0,0)
495.6 (0,0,0)
495.8 (0,0,0)
496 (0,0,0)
496.2 (0,0,0)
496.4 (0,0,0)
496.6 (0,0,0)
496.8 (0,0,0)
497 (0,0,0)
497.2 (0,0,0)
497.4 (0,0,0)
497.6 (0,0,0)
497.8 (0,0,0)
498 (0,0,0)
498.2 (0,0,0)
498.4 (0,0,0)
498.6 (0,0,0)
498.8 (0,0,0)
499 (0,0,0)
499.2 (0,0,0)
499.4 (0,0,0)
499.6 (0,0,0)
499.8 (0,0,0)
500 (0,0,0)
500.2 (0,0,0)
500.4 (0,0,0)
500.6 (0,0,0)
500.8 (0,0,0)
501 (0,0,0)
501.2 (0,0,0)
501.4 (0,0,0)
501.6 (0,0,0)
501.8 (0,0,0)
502 (0,0,0)
502.2 (0,0,0)
502.4 (0,0,0)
502.6 (0,0,0)
502.8 (0,0,0)
503 (0,0,0)
503.2 (0,0,0)
503.4 (0,0,0)
503.6 (0,0,0)
503.8 (0,0,0)
504 (0,0,0)
504.2 (0,0,0)
504.4 (0,0,0)
504.6 (0,0,0)
504.8 (0,0,0)
505 (0,0,0)
505.2 (0,0,0)
505.4 (0,0,0)
505.6 (0,0,0)
505.8 (0,0,0)
506 (0,0,0)
506.2 (0,0,0)
506.4 (0,0,0)
506.6 (0,0,0)
506.8 (0,0,0)
507 (0,0,0)
507.2 (0,0,0)
507.4 (0,0,0)
507.6 (0,0,0)
507.8 (0,0,0)
508 (0,0,0)
508.2 (0,0,0)
508.4 (0,0,0)
508.6 (0,0,0)
508.8 (0,0,0)
509 (0,0,0)
509.2 (0,0,0)
509.4 (0,0,0)
509.6 (0,0,0)
509.8 (0,0,0)
510 (0,0,0)
510.2 (0,0,0)
510.4 (0,0,0)
510.6 (0,0,0)
510.8 (0,0,0)
511 (0,0,0)
511.2 (0,0,0)
511.4 (0,0,0)
511.6 (0,0,0)
511.8 (0,0,0)
512 (0,0,0)
512.2 (0,0,0)
512.4 (0,0,0)
512.6 (0,0,0)
512.8 (0,0,0)
513 (0,0,0)
513.2 (0,0,0)
513.4 (0,0,0)
513.6 (0,0,0)
513.8 (0,0,0)
514 (0,0,0)
514.2 (7.55712585715692e-12,3.72644517511163e-14,4.87566419945156e-12)
514.4 (1.4731302606868e-13,-1.75449736503039e-15,-3.87487135965232e-13)
514.6 (9.60760982505827e-13,1.96155180380642e-14,2.22775172634158e-12)
514.8 (-4.33369113207189e-10,5.99562693854075e-13,-3.53422798639519e-10)
515 (4.33633846142484e-10,-6.33605714592551e-13,3.36285874044664e-10)
515.2 (1.05659954942811e-13,4.73806997061002e-15,-6.70593290433835e-13)
515.4 (0,0,0)
515.6 (0,0,0)
515.8 (1.07055052788298e-15,1.55759892038273e-16,-2.79194226453722e-16)
516 (-4.6932373479897e-11,-2.96282149017755e-13,-3.03797817108044e-11)
516.2 (-3.54908817242676e-10,-4.0386058620567e-12,3.29593034772106e-10)
516.4 (-7.35855047870933e-10,3.60717794557448e-12,-7.2512079039559e-10)
516.6 (1.13564720078709e-09,1.07617687128756e-12,4.25425262224993e-10)
516.8 (0,0,0)
517 (-2.36152742374104e-15,3.78516712419589e-15,4.32034865661252e-15)
517.2 (-2.05104594858008e-13,9.78455064752267e-15,-1.02404216846449e-13)
517.4 (-5.42487678866444e-14,1.00486854014878e-14,9.64000427492295e-14)
517.6 (0,0,0)
517.8 (-1.25064290774995e-11,-1.07118999875603e-13,-6.16827576253419e-12)
518 (1.25011984803451e-11,1.07393275826225e-13,6.16580534370829e-12)
518.2 (1.76353906318154e-09,-6.05807586022475e-12,-2.34756206425555e-09)
518.4 (-2.89723282452747e-09,9.25115717620388e-12,4.06909827971899e-09)
518.6 (2.62105138205245e-10,6.71023105842827e-13,3.86889962524178e-10)
518.8 (0,0,0)
519 (2.57951420462139e-10,-1.38534569403486e-12,-2.84981436383582e-10)
519.2 (-2.57785717099297e-10,1.44503176871429e-12,2.84907367459152e-10)
519.4 (-1.9865593525857e-17,4.29003239140179e-17,-1.09757844230096e-17)
519.6 (0,0,0)
519.8 (1.34788014197214e-16,1.02996803170396e-16,4.85640394282083e-16)
520 (0,0,0)
520.2 (-8.87457278258202e-17,1.9746234095313e-17,5.0109149127214e-18)
520.4 (0,0,0)
520.6 (0,0,0)
520.8 (0,0,0)
521 (0,0,0)
521.2 (3.32291216872606e-13,1.80536959281684e-14,-3.32916087781789e-13)
521.4 (0,0,0)
521.6 (0,0,0)
521.8 (0,0,0)
522 (-1.00357120197993e-14,9.54676290090784e-15,6.00537820904027e-14)
522.2 (0,0,0)
522.4 (0,0,0)
522.6 (-2.56315292336994e-16,1.17262352559919e-17,-3.76448498996205e-16)
522.8 (9.1593339743017e-14,3.00414505937637e-15,3.59684531871388e-14)
523 (-5.22090890981884e-14,8.88178018171801e-15,-8.39474300721478e-15)
523.2 (0,0,0)
523.4 (-9.6347670783319e-16,1.73025288504715e-16,-7.21136004532946e-16)
523.6 (0,0,0)
523.8 (0,0,0)
524 (0,0,0)
524.2 (0,0,0)
524.4 (0,0,0)
524.6 (0,0,0)
524.8 (0,0,0)
525 (0,0,0)
525.2 (0,0,0)
525.4 (0,0,0)
525.6 (0,0,0)
525.8 (0,0,0)
526 (0,0,0)
526.2 (0,0,0)
526.4 (0,0,0)
526.6 (0,0,0)
526.8 (0,0,0)
527 (0,0,0)
527.2 (0,0,0)
527.4 (0,0,0)
527.6 (0,0,0)
527.8 (0,0,0)
528 (0,0,0)
528.2 (0,0,0)
528.4 (0,0,0)
528.6 (0,0,0)
528.8 (0,0,0)
529 (0,0,0)
529.2 (0,0,0)
529.4 (0,0,0)
529.6 (0,0,0)
529.8 (0,0,0)
530 (0,0,0)
530.2 (0,0,0)
530.4 (0,0,0)
530.6 (0,0,0)
530.8 (0,0,0)
531 (0,0,0)
531.2 (0,0,0)
531.4 (0,0,0)
531.6 (0,0,0)
531.8 (0,0,0)
532 (0,0,0)
532.2 (0,0,0)
532.4 (0,0,0)
532.6 (0,0,0)
532.8 (0,0,0)
533 (0,0,0)
533.2 (0,0,0)
533.4 (0,0,0)
533.6 (0,0,0)
533.8 (0,0,0)
534 (4.05697254084549e-11,1.43316646909126e-14,-2.28906451794721e-11)
534.2 (3.19350043177782e-11,-1.42288510897288e-13,-4.63396911441941e-11)
534.4 (-7.27128586589607e-11,1.50957046027449e-13,6.96801593889634e-11)
534.6 (0,0,0)
534.8 (5.43696062166416e-15,1.18897892343023e-15,2.54089662222177e-15)
535 (0,0,0)
535.2 (0,0,0)
535.4 (0,0,0)
535.6 (0,0,0)
535.8 (0,0,0)
536 (6.12363445706194e-14,7.76487961221572e-15,4.93796549599366e-14)
536.2 (0,0,0)
536.4 (0,0,0)
536.6 (0,0,0)
536.8 (0,0,0)
537 (0,0,0)
537.2 (0,0,0)
537.4 (0,0,0)
537.6 (0,0,0)
537.8 (0,0,0)
538 (0,0,0)
538.2 (0,0,0)
538.4 (0,0,0)
538.6 (0,0,0)
538.8 (0,0,0)
539 (0,0,0)
539.2 (0,0,0)
539.4 (0,0,0)
539.6 (0,0,0)
539.8 (0,0,0)
540 (0,0,0)
540.2 (0,0,0)
540.4 (0,0,0)
540.6 (0,0,0)
540.8 (0,0,0)
541 (0,0,0)
541.2 (0,0,0)
541.4 (0,0,0)
541.6 (0,0,0)
541.8 (0,0,0)
542 (0,0,0)
542.2 (0,0,0)
542.4 (0,0,0)
542.6 (0,0,0)
542.8 (0,0,0)
543 (0,0,0)
543.2 (0,0,0)
543.4 (0,0,0)
543.6 (0,0,0)
543.8 (0,0,0)
544 (0,0,0)
544.2 (0,0,0)
544.4 (0,0,0)
544.6 (0,0,0)
544.8 (0,0,0)
545 (0,0,0)
545.2 (0,0,0)
545.4 (0,0,0)
545.6 (0,0,0)
545.8 (0,0,0)
546 (0,0,0)
546.2 (0,0,0)
546.4 (0,0,0)
546.6 (0,0,0)
546.8 (0,0,0)
547 (0,0,0)
547.2 (0,0,0)
547.4 (0,0,0)
547.6 (0,0,0)
547.8 (0,0,0)
548 (0,0,0)
548.2 (0,0,0)
548.4 (0,0,0)
548.6 (0,0,0)
548.8 (0,0,0)
549 (0,0,0)
549.2 (0,0,0)
549.4 (0,0,0)
549.6 (0,0,0)
549.8 (0,0,0)
550 (0,0,0)
550.2 (0,0,0)
550.4 (0,0,0)
550.6 (0,0,0)
550.8 (0,0,0)
551 (0,0,0)
551.2 (0,0,0)
551.4 (0,0,0)
551.6 (0,0,0)
551.8 (0,0,0)
552 (0,0,0)
552.2 (0,0,0)
552.4 (0,0,0)
552.6 (0,0,0)
552.8 (0,0,0)
553 (0,0,0)
553.2 (0,0,0)
553.4 (0,0,0)
553.6 (0,0,0)
553.8 (0,0,0)
554 (0,0,0)
554.2 (0,0,0)
554.4 (0,0,0)
554.6 (0,0,0)
554.8 (0,0,0)
555 (0,0,0)
555.2 (0,0,0)
555.4 (0,0,0)
555.6 (0,0,0)
555.8 (0,0,0)
556 (0,0,0)
556.2 (0,0,0)
556.4 (0,0,0)
556.6 (0,0,0)
556.8 (0,0,0)
557 (0,0,0)
557.2 (0,0,0)
557.4 (0,0,0)
557.6 (0,0,0)
557.8 (0,0,0)
558 (0,0,0)
558.2 (0,0,0)
558.4 (0,0,0)
558.6 (0,0,0)
558.8 (0,0,0)
559 (0,0,0)
559.2 (0,0,0)
559.4 (0,0,0)
559.6 (0,0,0)
559.8 (0,0,0)
560 (0,0,0)
560.2 (0,0,0)
560.4 (0,0,0)
560.6 (0,0,0)
560.8 (0,0,0)
561 (0,0,0)
561.2 (0,0,0)
561.4 (0,0,0)
561.6 (0,0,0)
561.8 (0,0,0)
562 (0,0,0)
562.2 (0,0,0)
562.4 (0,0,0)
562.6 (0,0,0)
562.8 (0,0,0)
563 (0,0,0)
563.2 (0,0,0)
563.4 (0,0,0)
563.6 (0,0,0)
563.8 (0,0,0)
564 (0,0,0)
564.2 (0,0,0)
564.4 (0,0,0)
564.6 (0,0,0)
564.8 (0,0,0)
565 (0,0,0)
565.2 (0,0,0)
565.4 (0,0,0)
565.6 (0,0,0)
565.8 (0,0,0)
566 (0,0,0)
566.2 (0,0,0)
566.4 (0,0,0)
566.6 (0,0,0)
566.8 (0,0,0)
567 (0,0,0)
567.2 (0,0,0)
567.4 (0,0,0)
567.6 (0,0,0)
567.8 (0,0,0)
568 (0,0,0)
568.2 (0,0,0)
568.4 (0,0,0)
568.6 (0,0,0)
568.8 (0,0,0)
569 (0,0,0)
569.2 (0,0,0)
569.4 (0,0,0)
569.6 (0,0,0)
569.8 (0,0,0)
570 (0,0,0)
570.2 (0,0,0)
570.4 (0,0,0)
570.6 (0,0,0)
570.8 (0,0,0)
571 (0,0,0)
571.2 (0,0,0)
571.4 (0,0,0)
571.6 (0,0,0)
571.8 (0,0,0)
572 (0,0,0)
572.2 (0,0,0)
572.4 (0,0,0)
572.6 (0,0,0)
572.8 (0,0,0)
573 (0,0,0)
573.2 (0,0,0)
573.4 (0,0,0)
573.6 (0,0,0)
573.8 (0,0,0)
574 (0,0,0)
574.2 (0,0,0)
574.4 (0,0,0)
574.6 (0,0,0)
574.8 (0,0,0)
575 (0,0,0)
575.2 (0,0,0)
575.4 (0,0,0)
575.6 (0,0,0)
575.8 (0,0,0)
576 (0,0,0)
576.2 (0,0,0)
576.4 (0,0,0)
576.6 (0,0,0)
576.8 (0,0,0)
577 (0,0,0)
577.2 (0,0,0)
577.4 (0,0,0)
577.6 (0,0,0)
577.8 (0,0,0)
578 (0,0,0)
578.2 (0,0,0)
578.4 (0,0,0)
578.6 (0,0,0)
578.8 (0,0,0)
579 (0,0,0)
579.2 (0,0,0)
579.4 (0,0,0)
579.6 (0,0,0)
579.8 (0,0,0)
580 (0,0,0)
580.2 (0,0,0)
580.4 (0,0,0)
580.6 (0,0,0)
580.8 (0,0,0)
581 (0,0,0)
581.2 (0,0,0)
581.4 (0,0,0)
581.6 (0,0,0)
581.8 (0,0,0)
582 (0,0,0)
582.2 (0,0,0)
582.4 (0,0,0)
582.6 (0,0,0)
582.8 (0,0,0)
583 (0,0,0)
583.2 (0,0,0)
583.4 (0,0,0)
583.6 (0,0,0)
583.8 (0,0,0)
584 (0,0,0)
584.2 (0,0,0)
584.4 (0,0,0)
584.6 (0,0,0)
584.8 (0,0,0)
585 (0,0,0)
585.2 (0,0,0)
585.4 (0,0,0)
585.6 (0,0,0)
585.8 (0,0,0)
586 (0,0,0)
586.2 (0,0,0)
586.4 (0,0,0)
586.6 (0,0,0)
586.8 (0,0,0)
587 (0,0,0)
587.2 (0,0,0)
587.4 (0,0,0)
587.6 (0,0,0)
587.8 (0,0,0)
588 (0,0,0)
588.2 (0,0,0)
588.4 (0,0,0)
588.6 (0,0,0)
588.8 (0,0,0)
589 (0,0,0)
589.2 (0,0,0)
589.4 (0,0,0)
589.6 (0,0,0)
589.8 (0,0,0)
590 (0,0,0)
590.2 (0,0,0)
590.4 (0,0,0)
590.6 (0,0,0)
590.8 (0,0,0)
591 (0,0,0)
591.2 (0,0,0)
591.4 (0,0,0)
591.6 (0,0,0)
591.8 (0,0,0)
592 (0,0,0)
592.2 (0,0,0)
592.4 (0,0,0)
592.6 (0,0,0)
592.8 (0,0,0)
593 (0,0,0)
593.2 (0,0,0)
593.4 (0,0,0)
593.6 (0,0,0)
593.8 (0,0,0)
594 (0,0,0)
594.2 (0,0,0)
594.4 (0,0,0)
594.6 (0,0,0)
594.8 (0,0,0)
595 (0,0,0)
595.2 (0,0,0)
595.4 (0,0,0)
595.6 (0,0,0)
595.8 (0,0,0)
596 (0,0,0)
596.2 (0,0,0)
596.4 (0,0,0)
596.6 (0,0,0)
596.8 (0,0,0)
597 (0,0,0)
597.2 (0,0,0)
597.4 (0,0,0)
597.6 (0,0,0)
597.8 (0,0,0)
598 (0,0,0)
598.2 (0,0,0)
598.4 (0,0,0)
598.6 (0,0,0)
598.8 (0,0,0)
599 (0,0,0)
599.2 (0,0,0)
599.4 (0,0,0)
599.6 (0,0,0)
599.8 (0,0,0)
600 (0,0,0)
600.2 (0,0,0)
600.4 (0,0,0)
600.6 (0,0,0)
600.8 (0,0,0)
601 (0,0,0)
601.2 (0,0,0)
601.4 (0,0,0)
601.6 (0,0,0)
601.8 (0,0,0)
602 (0,0,0)
602.2 (0,0,0)
602.4 (0,0,0)
602.6 (0,0,0)
602.8 (0,0,0)
603 (0,0,0)
603.2 (0,0,0)
603.4 (0,0,0)
603.6 (0,0,0)
603.8 (0,0,0)
604 (0,0,0)
604.2 (0,0,0)
604.4 (0,0,0)
604.6 (0,0,0)
604.8 (0,0,0)
605 (0,0,0)
605.2 (0,0,0)
605.4 (0,0,0)
605.6 (0,0,0)
605.8 (0,0,0)
606 (0,0,0)
606.2 (0,0,0)
606.4 (0,0,0)
606.6 (0,0,0)
606.8 (0,0,0)
607 (0,0,0)
607.2 (0,0,0)
607.4 (0,0,0)
607.6 (0,0,0)
607.8 (0,0,0)
608 (0,0,0)
608.2 (0,0,0)
608.4 (0,0,0)
608.6 (0,0,0)
608.8 (0,0,0)
609 (0,0,0)
609.2 (0,0,0)
609.4 (0,0,0)
609.6 (0,0,0)
609.8 (0,0,0)
610 (0,0,0)
610.2 (0,0,0)
610.4 (0,0,0)
610.6 (0,0,0)
610.8 (0,0,0)
611 (0,0,0)
611.2 (0,0,0)
611.4 (0,0,0)
611.6 (0,0,0)
611.8 (0,0,0)
612 (0,0,0)
612.2 (0,0,0)
612.4 (0,0,0)
612.6 (0,0,0)
612.8 (0,0,0)
613 (0,0,0)
613.2 (0,0,0)
613.4 (0,0,0)
613.6 (0,0,0)
613.8 (0,0,0)
614 (0,0,0)
614.2 (0,0,0)
614.4 (0,0,0)
614.6 (0,0,0)
614.8 (0,0,0)
615 (0,0,0)
615.2 (0,0,0)
615.4 (0,0,0)
615.6 (0,0,0)
615.8 (0,0,0)
616 (0,0,0)
616.2 (0,0,0)
616.4 (0,0,0)
616.6 (0,0,0)
616.8 (0,0,0)
617 (0,0,0)
617.2 (0,0,0)
617.4 (0,0,0)
617.6 (0,0,0)
617.8 (0,0,0)
618 (0,0,0)
618.2 (0,0,0)
618.4 (0,0,0)
618.6 (0,0,0)
618.8 (0,0,0)
619 (0,0,0)
619.2 (0,0,0)
619.4 (0,0,0)
619.6 (0,0,0)
619.8 (0,0,0)
620 (0,0,0)
620.2 (0,0,0)
620.4 (0,0,0)
620.6 (0,0,0)
620.8 (0,0,0)
621 (0,0,0)
621.2 (0,0,0)
621.4 (0,0,0)
621.6 (0,0,0)
621.8 (0,0,0)
622 (0,0,0)
622.2 (0,0,0)
622.4 (0,0,0)
622.6 (0,0,0)
622.8 (0,0,0)
623 (0,0,0)
623.2 (0,0,0)
623.4 (0,0,0)
623.6 (0,0,0)
623.8 (0,0,0)
624 (0,0,0)
624.2 (0,0,0)
624.4 (0,0,0)
624.6 (0,0,0)
624.8 (0,0,0)
625 (0,0,0)
625.2 (0,0,0)
625.4 (0,0,0)
625.6 (0,0,0)
625.8 (0,0,0)
626 (0,0,0)
626.2 (0,0,0)
626.4 (0,0,0)
626.6 (0,0,0)
626.8 (0,0,0)
627 (0,0,0)
627.2 (0,0,0)
627.4 (0,0,0)
627.6 (0,0,0)
627.8 (0,0,0)
628 (0,0,0)
628.2 (0,0,0)
628.4 (0,0,0)
628.6 (0,0,0)
628.8 (0,0,0)
629 (0,0,0)
629.2 (0,0,0)
629.4 (0,0,0)
629.6 (0,0,0)
629.8 (0,0,0)
630 (0,0,0)
630.2 (0,0,0)
630.4 (0,0,0)
630.6 (0,0,0)
630.8 (0,0,0)
631 (0,0,0)
631.2 (0,0,0)
631.4 (0,0,0)
631.6 (0,0,0)
631.8 (0,0,0)
632 (0,0,0)
632.2 (0,0,0)
632.4 (0,0,0)
632.6 (0,0,0)
632.8 (0,0,0)
633 (0,0,0)
633.2 (0,0,0)
633.4 (0,0,0)
633.6 (0,0,0)
633.8 (0,0,0)
634 (0,0,0)
634.2 (0,0,0)
634.4 (0,0,0)
634.6 (0,0,0)
634.8 (0,0,0)
635 (0,0,0)
635.2 (0,0,0)
635.4 (0,0,0)
635.6 (0,0,0)
635.8 (0,0,0)
636 (0,0,0)
636.2 (0,0,0)
636.4 (0,0,0)
636.6 (0,0,0)
636.8 (0,0,0)
637 (0,0,0)
637.2 (0,0,0)
637.4 (0,0,0)
637.6 (0,0,0)
637.8 (0,0,0)
638 (0,0,0)
638.2 (0,0,0)
638.4 (0,0,0)
638.6 (0,0,0)
638.8 (0,0,0)
639 (0,0,0)
639.2 (0,0,0)
639.4 (0,0,0)
639.6 (0,0,0)
639.8 (0,0,0)
640 (0,0,0)
640.2 (0,0,0)
640.4 (0,0,0)
640.6 (0,0,0)
640.8 (0,0,0)
641 (0,0,0)
641.2 (0,0,0)
641.4 (0,0,0)
641.6 (0,0,0)
641.8 (0,0,0)
642 (0,0,0)
642.2 (0,0,0)
642.4 (0,0,0)
642.6 (0,0,0)
642.8 (0,0,0)
643 (0,0,0)
643.2 (0,0,0)
643.4 (0,0,0)
643.6 (0,0,0)
643.8 (0,0,0)
644 (0,0,0)
644.2 (0,0,0)
644.4 (0,0,0)
644.6 (0,0,0)
644.8 (0,0,0)
645 (0,0,0)
645.2 (0,0,0)
645.4 (0,0,0)
645.6 (0,0,0)
645.8 (0,0,0)
646 (0,0,0)
646.2 (0,0,0)
646.4 (0,0,0)
646.6 (0,0,0)
646.8 (0,0,0)
647 (0,0,0)
647.2 (0,0,0)
647.4 (0,0,0)
647.6 (0,0,0)
647.8 (0,0,0)
648 (0,0,0)
648.2 (0,0,0)
648.4 (0,0,0)
648.6 (0,0,0)
648.8 (0,0,0)
649 (0,0,0)
649.2 (0,0,0)
649.4 (0,0,0)
649.6 (0,0,0)
649.8 (0,0,0)
650 (0,0,0)
650.2 (0,0,0)
650.4 (0,0,0)
650.6 (0,0,0)
650.8 (0,0,0)
651 (0,0,0)
651.2 (0,0,0)
651.4 (0,0,0)
651.6 (0,0,0)
651.8 (0,0,0)
652 (0,0,0)
652.2 (0,0,0)
652.4 (0,0,0)
652.6 (0,0,0)
652.8 (0,0,0)
653 (0,0,0)
653.2 (0,0,0)
653.4 (0,0,0)
653.6 (0,0,0)
653.8 (0,0,0)
654 (0,0,0)
654.2 (0,0,0)
654.4 (0,0,0)
654.6 (0,0,0)
654.8 (0,0,0)
655 (0,0,0)
655.2 (0,0,0)
655.4 (0,0,0)
655.6 (0,0,0)
655.8 (0,0,0)
656 (0,0,0)
656.2 (0,0,0)
656.4 (0,0,0)
656.6 (0,0,0)
656.8 (0,0,0)
657 (0,0,0)
657.2 (0,0,0)
657.4 (0,0,0)
657.6 (0,0,0)
657.8 (0,0,0)
658 (0,0,0)
658.2 (0,0,0)
658.4 (0,0,0)
658.6 (0,0,0)
658.8 (0,0,0)
659 (0,0,0)
659.2 (0,0,0)
659.4 (0,0,0)
659.6 (0,0,0)
659.8 (0,0,0)
660 (0,0,0)
660.2 (0,0,0)
660.4 (0,0,0)
660.6 (0,0,0)
660.8 (0,0,0)
661 (0,0,0)
661.2 (0,0,0)
661.4 (0,0,0)
661.6 (0,0,0)
661.8 (0,0,0)
662 (0,0,0)
662.2 (0,0,0)
662.4 (0,0,0)
662.6 (0,0,0)
662.8 (0,0,0)
663 (0,0,0)
663.2 (0,0,0)
663.4 (0,0,0)
663.6 (0,0,0)
663.8 (0,0,0)
664 (0,0,0)
664.2 (0,0,0)
664.4 (0,0,0)
664.6 (0,0,0)
664.8 (0,0,0)
665 (0,0,0)
665.2 (0,0,0)
665.4 (0,0,0)
665.6 (0,0,0)
665.8 (0,0,0)
666 (0,0,0)
666.2 (0,0,0)
666.4 (0,0,0)
666.6 (0,0,0)
666.8 (0,0,0)
667 (0,0,0)
667.2 (0,0,0)
667.4 (0,0,0)
667.6 (0,0,0)
667.8 (0,0,0)
668 (0,0,0)
668.2 (0,0,0)
668.4 (0,0,0)
668.6 (0,0,0)
668.8 (0,0,0)
669 (0,0,0)
669.2 (0,0,0)
669.4 (0,0,0)
669.6 (0,0,0)
669.8 (0,0,0)
670 (0,0,0)
670.2 (0,0,0)
670.4 (0,0,0)
670.6 (0,0,0)
670.8 (0,0,0)
671 (0,0,0)
671.2 (0,0,0)
671.4 (0,0,0)
671.6 (0,0,0)
671.8 (0,0,0)
672 (0,0,0)
672.2 (0,0,0)
672.4 (0,0,0)
672.6 (0,0,0)
672.8 (0,0,0)
673 (0,0,0)
673.2 (0,0,0)
673.4 (0,0,0)
673.6 (0,0,0)
673.8 (0,0,0)
674 (0,0,0)
674.2 (0,0,0)
674.4 (0,0,0)
674.6 (0,0,0)
674.8 (0,0,0)
675 (0,0,0)
675.2 (0,0,0)
675.4 (0,0,0)
675.6 (0,0,0)
675.8 (0,0,0)
676 (0,0,0)
676.2 (0,0,0)
676.4 (0,0,0)
676.6 (0,0,0)
676.8 (0,0,0)
677 (0,0,0)
677.2 (0,0,0)
677.4 (0,0,0)
677.6 (0,0,0)
677.8 (0,0,0)
678 (0,0,0)
678.2 (0,0,0)
678.4 (0,0,0)
678.6 (0,0,0)
678.8 (0,0,0)
679 (0,0,0)
679.2 (0,0,0)
679.4 (0,0,0)
679.6 (0,0,0)
679.8 (0,0,0)
680 (0,0,0)
680.2 (0,0,0)
680.4 (0,0,0)
680.6 (0,0,0)
680.8 (0,0,0)
681 (0,0,0)
681.2 (0,0,0)
681.4 (0,0,0)
681.6 (0,0,0)
681.8 (0,0,0)
682 (0,0,0)
682.2 (0,0,0)
682.4 (0,0,0)
682.6 (0,0,0)
682.8 (0,0,0)
683 (0,0,0)
683.2 (0,0,0)
683.4 (0,0,0)
683.6 (0,0,0)
683.8 (0,0,0)
684 (0,0,0)
684.2 (0,0,0)
684.4 (0,0,0)
684.6 (0,0,0)
684.8 (0,0,0)
685 (0,0,0)
685.2 (0,0,0)
685.4 (0,0,0)
685.6 (0,0,0)
685.8 (0,0,0)
686 (0,0,0)
686.2 (0,0,0)
686.4 (0,0,0)
686.6 (0,0,0)
686.8 (0,0,0)
687 (0,0,0)
687.2 (0,0,0)
687.4 (0,0,0)
687.6 (0,0,0)
687.8 (0,0,0)
688 (0,0,0)
688.2 (0,0,0)
688.4 (0,0,0)
688.6 (0,0,0)
688.8 (0,0,0)
689 (0,0,0)
689.2 (0,0,0)
689.4 (0,0,0)
689.6 (0,0,0)
689.8 (0,0,0)
690 (0,0,0)
690.2 (0,0,0)
690.4 (0,0,0)
690.6 (0,0,0)
690.8 (0,0,0)
691 (0,0,0)
691.2 (0,0,0)
691.4 (0,0,0)
691.6 (0,0,0)
691.8 (0,0,0)
692 (0,0,0)
692.2 (0,0,0)
692.4 (0,0,0)
692.6 (0,0,0)
692.8 (0,0,0)
693 (0,0,0)
693.2 (0,0,0)
693.4 (0,0,0)
693.6 (0,0,0)
693.8 (0,0,0)
694 (0,0,0)
694.2 (0,0,0)
694.4 (0,0,0)
694.6 (0,0,0)
694.8 (0,0,0)
695 (0,0,0)
695.2 (0,0,0)
695.4 (0,0,0)
695.6 (0,0,0)
695.8 (0,0,0)
696 (0,0,0)
696.2 (0,0,0)
696.4 (0,0,0)
696.6 (0,0,0)
696.8 (0,0,0)
697 (0,0,0)
697.2 (0,0,0)
697.4 (0,0,0)
697.6 (0,0,0)
697.8 (0,0,0)
698 (0,0,0)
698.2 (0,0,0)
698.4 (0,0,0)
698.6 (0,0,0)
698.8 (0,0,0)
699 (0,0,0)
699.2 (0,0,0)
699.4 (0,0,0)
699.6 (0,0,0)
699.8 (0,0,0)
700 (0,0,0)
700.2 (0,0,0)
700.4 (0,0,0)
700.6 (0,0,0)
700.8 (0,0,0)
701 (0,0,0)
701.2 (0,0,0)
701.4 (0,0,0)
701.6 (0,0,0)
701.8 (0,0,0)
702 (0,0,0)
702.2 (0,0,0)
702.4 (0,0,0)
702.6 (0,0,0)
702.8 (0,0,0)
703 (0,0,0)
703.2 (0,0,0)
703.4 (0,0,0)
703.6 (0,0,0)
703.8 (0,0,0)
704 (0,0,0)
704.2 (0,0,0)
704.4 (0,0,0)
704.6 (0,0,0)
704.8 (0,0,0)
705 (0,0,0)
705.2 (0,0,0)
705.4 (0,0,0)
705.6 (0,0,0)
705.8 (0,0,0)
706 (0,0,0)
706.2 (0,0,0)
706.4 (0,0,0)
706.6 (0,0,0)
706.8 (0,0,0)
707 (0,0,0)
707.2 (0,0,0)
707.4 (0,0,0)
707.6 (0,0,0)
707.8 (0,0,0)
708 (0,0,0)
708.2 (0,0,0)
708.4 (0,0,0)
708.6 (0,0,0)
708.8 (0,0,0)
709 (0,0,0)
709.2 (0,0,0)
709.4 (0,0,0)
709.6 (0,0,0)
709.8 (0,0,0)
710 (0,0,0)
710.2 (0,0,0)
710.4 (0,0,0)
710.6 (0,0,0)
710.8 (0,0,0)
711 (0,0,0)
711.2 (0,0,0)
711.4 (0,0,0)
711.6 (0,0,0)
711.8 (0,0,0)
712 (0,0,0)
712.2 (0,0,0)
712.4 (0,0,0)
712.6 (0,0,0)
712.8 (0,0,0)
713 (0,0,0)
713.2 (0,0,0)
713.4 (0,0,0)
713.6 (0,0,0)
713.8 (0,0,0)
714 (0,0,0)
714.2 (0,0,0)
714.4 (0,0,0)
714.6 (0,0,0)
714.8 (0,0,0)
715 (0,0,0)
715.2 (0,0,0)
715.4 (0,0,0)
715.6 (0,0,0)
715.8 (0,0,0)
716 (0,0,0)
716.2 (0,0,0)
716.4 (0,0,0)
716.6 (0,0,0)
716.8 (0,0,0)
717 (0,0,0)
717.2 (0,0,0)
717.4 (0,0,0)
717.6 (0,0,0)
717.8 (0,0,0)
718 (0,0,0)
718.2 (0,0,0)
718.4 (0,0,0)
718.6 (0,0,0)
718.8 (0,0,0)
719 (0,0,0)
719.2 (0,0,0)
719.4 (0,0,0)
719.6 (0,0,0)
719.8 (0,0,0)
720 (0,0,0)
720.2 (0,0,0)
720.4 (0,0,0)
720.6 (0,0,0)
720.8 (0,0,0)
721 (0,0,0)
721.2 (0,0,0)
721.4 (0,0,0)
721.6 (0,0,0)
721.8 (0,0,0)
722 (0,0,0)
722.2 (0,0,0)
722.4 (0,0,0)
722.6 (0,0,0)
722.8 (0,0,0)
723 (0,0,0)
723.2 (0,0,0)
723.4 (0,0,0)
723.6 (0,0,0)
723.8 (0,0,0)
724 (0,0,0)
724.2 (0,0,0)
724.4 (0,0,0)
724.6 (0,0,0)
724.8 (0,0,0)
725 (0,0,0)
725.2 (0,0,0)
725.4 (0,0,0)
725.6 (0,0,0)
725.8 (0,0,0)
726 (0,0,0)
726.2 (0,0,0)
726.4 (0,0,0)
726.6 (0,0,0)
726.8 (0,0,0)
727 (0,0,0)
727.2 (0,0,0)
727.4 (0,0,0)
727.6 (0,0,0)
727.8 (0,0,0)
728 (0,0,0)
728.2 (0,0,0)
728.4 (0,0,0)
728.6 (0,0,0)
728.8 (0,0,0)
729 (0,0,0)
729.2 (0,0,0)
729.4 (0,0,0)
729.6 (0,0,0)
729.8 (0,0,0)
730 (0,0,0)
730.2 (0,0,0)
730.4 (0,0,0)
730.6 (0,0,0)
730.8 (0,0,0)
731 (0,0,0)
731.2 (0,0,0)
731.4 (0,0,0)
731.6 (0,0,0)
731.8 (0,0,0)
732 (0,0,0)
732.2 (0,0,0)
732.4 (0,0,0)
732.6 (0,0,0)
732.8 (0,0,0)
733 (0,0,0)
733.2 (0,0,0)
733.4 (0,0,0)
733.6 (0,0,0)
733.8 (0,0,0)
734 (0,0,0)
734.2 (0,0,0)
734.4 (0,0,0)
734.6 (0,0,0)
734.8 (0,0,0)
735 (0,0,0)
735.2 (0,0,0)
735.4 (0,0,0)
735.6 (0,0,0)
735.8 (0,0,0)
736 (0,0,0)
736.2 (0,0,0)
736.4 (0,0,0)
736.6 (0,0,0)
736.8 (0,0,0)
737 (0,0,0)
737.2 (0,0,0)
737.4 (0,0,0)
737.6 (0,0,0)
737.8 (0,0,0)
738 (0,0,0)
738.2 (0,0,0)
738.4 (0,0,0)
738.6 (0,0,0)
738.8 (0,0,0)
739 (0,0,0)
739.2 (0,0,0)
739.4 (0,0,0)
739.6 (0,0,0)
739.8 (0,0,0)
740 (0,0,0)
740.2 (0,0,0)
740.4 (0,0,0)
740.6 (0,0,0)
740.8 (0,0,0)
741 (0,0,0)
741.2 (0,0,0)
741.4 (0,0,0)
741.6 (0,0,0)
741.8 (0,0,0)
742 (0,0,0)
742.2 (0,0,0)
742.4 (0,0,0)
742.6 (0,0,0)
742.8 (0,0,0)
743 (0,0,0)
743.2 (0,0,0)
743.4 (0,0,0)
743.6 (0,0,0)
743.8 (0,0,0)
744 (0,0,0)
744.2 (0,0,0)
744.4 (0,0,0)
744.6 (0,0,0)
744.8 (0,0,0)
745 (0,0,0)
745.2 (0,0,0)
745.4 (0,0,0)
745.6 (0,0,0)
745.8 (0,0,0)
746 (0,0,0)
746.2 (0,0,0)
746.4 (0,0,0)
746.6 (0,0,0)
746.8 (0,0,0)
747 (0,0,0)
747.2 (0,0,0)
747.4 (0,0,0)
747.6 (0,0,0)
747.8 (0,0,0)
748 (0,0,0)
748.2 (0,0,0)
748.4 (0,0,0)
748.6 (0,0,0)
748.8 (0,0,0)
749 (0,0,0)
749.2 (0,0,0)
749.4 (0,0,0)
749.6 (0,0,0)
749.8 (0,0,0)
750 (0,0,0)
750.2 (0,0,0)
750.4 (0,0,0)
750.6 (0,0,0)
750.8 (0,0,0)
751 (0,0,0)
751.2 (0,0,0)
751.4 (0,0,0)
751.6 (0,0,0)
751.8 (0,0,0)
752 (0,0,0)
752.2 (0,0,0)
752.4 (0,0,0)
752.6 (0,0,0)
752.8 (0,0,0)
753 (0,0,0)
753.2 (0,0,0)
753.4 (0,0,0)
753.6 (0,0,0)
753.8 (0,0,0)
754 (0,0,0)
754.2 (0,0,0)
754.4 (0,0,0)
754.6 (0,0,0)
754.8 (0,0,0)
755 (0,0,0)
755.2 (0,0,0)
755.4 (0,0,0)
755.6 (0,0,0)
755.8 (0,0,0)
756 (0,0,0)
756.2 (0,0,0)
756.4 (0,0,0)
756.6 (0,0,0)
756.8 (0,0,0)
757 (0,0,0)
757.2 (0,0,0)
757.4 (0,0,0)
757.6 (0,0,0)
757.8 (0,0,0)
758 (0,0,0)
758.2 (0,0,0)
758.4 (0,0,0)
758.6 (0,0,0)
758.8 (0,0,0)
759 (0,0,0)
759.2 (0,0,0)
759.4 (0,0,0)
759.6 (0,0,0)
759.8 (0,0,0)
760 (0,0,0)
760.2 (0,0,0)
760.4 (0,0,0)
760.6 (0,0,0)
760.8 (0,0,0)
761 (0,0,0)
761.2 (0,0,0)
761.4 (0,0,0)
761.6 (0,0,0)
761.8 (0,0,0)
762 (0,0,0)
762.2 (0,0,0)
762.4 (0,0,0)
762.6 (0,0,0)
762.8 (0,0,0)
763 (0,0,0)
763.2 (0,0,0)
763.4 (0,0,0)
763.6 (0,0,0)
763.8 (0,0,0)
764 (0,0,0)
764.2 (0,0,0)
764.4 (0,0,0)
764.6 (0,0,0)
764.8 (0,0,0)
765 (0,0,0)
765.2 (0,0,0)
765.4 (0,0,0)
765.6 (0,0,0)
765.8 (0,0,0)
766 (0,0,0)
766.2 (0,0,0)
766.4 (0,0,0)
766.6 (0,0,0)
766.8 (0,0,0)
767 (0,0,0)
767.2 (0,0,0)
767.4 (0,0,0)
767.6 (0,0,0)
767.8 (0,0,0)
768 (0,0,0)
768.2 (0,0,0)
768.4 (0,0,0)
768.6 (0,0,0)
768.8 (0,0,0)
769 (0,0,0)
769.2 (0,0,0)
769.4 (0,0,0)
769.6 (0,0,0)
769.8 (0,0,0)
770 (0,0,0)
770.2 (0,0,0)
770.4 (0,0,0)
770.6 (0,0,0)
770.8 (0,0,0)
771 (0,0,0)
771.2 (0,0,0)
771.4 (0,0,0)
771.6 (0,0,0)
771.8 (0,0,0)
772 (0,0,0)
772.2 (0,0,0)
772.4 (0,0,0)
772.6 (0,0,0)
772.8 (0,0,0)
773 (0,0,0)
773.2 (0,0,0)
773.4 (0,0,0)
773.6 (0,0,0)
773.8 (0,0,0)
774 (0,0,0)
774.2 (0,0,0)
774.4 (0,0,0)
774.6 (0,0,0)
774.8 (0,0,0)
775 (0,0,0)
775.2 (0,0,0)
775.4 (0,0,0)
775.6 (0,0,0)
775.8 (0,0,0)
776 (0,0,0)
776.2 (0,0,0)
776.4 (0,0,0)
776.6 (0,0,0)
776.8 (0,0,0)
777 (0,0,0)
777.2 (0,0,0)
777.4 (0,0,0)
777.6 (0,0,0)
777.8 (0,0,0)
778 (0,0,0)
778.2 (0,0,0)
778.4 (0,0,0)
778.6 (0,0,0)
778.8 (0,0,0)
779 (0,0,0)
779.2 (0,0,0)
779.4 (0,0,0)
779.6 (0,0,0)
779.8 (0,0,0)
780 (0,0,0)
780.2 (0,0,0)
780.4 (0,0,0)
780.6 (0,0,0)
780.8 (0,0,0)
781 (0,0,0)
781.2 (0,0,0)
781.4 (0,0,0)
781.6 (0,0,0)
781.8 (0,0,0)
782 (0,0,0)
782.2 (0,0,0)
782.4 (0,0,0)
782.6 (0,0,0)
782.8 (0,0,0)
783 (0,0,0)
783.2 (0,0,0)
783.4 (0,0,0)
783.6 (0,0,0)
783.8 (0,0,0)
784 (0,0,0)
784.2 (0,0,0)
784.4 (0,0,0)
784.6 (0,0,0)
784.8 (0,0,0)
785 (0,0,0)
785.2 (0,0,0)
785.4 (0,0,0)
785.6 (0,0,0)
785.8 (0,0,0)
786 (0,0,0)
786.2 (0,0,0)
786.4 (0,0,0)
786.6 (0,0,0)
786.8 (0,0,0)
787 (0,0,0)
787.2 (0,0,0)
787.4 (0,0,0)
787.6 (0,0,0)
787.8 (0,0,0)
788 (0,0,0)
788.2 (0,0,0)
788.4 (0,0,0)
788.6 (0,0,0)
788.8 (0,0,0)
789 (0,0,0)
789.2 (0,0,0)
789.4 (0,0,0)
789.6 (0,0,0)
789.8 (0,0,0)
790 (0,0,0)
790.2 (0,0,0)
790.4 (0,0,0)
790.6 (0,0,0)
790.8 (0,0,0)
791 (0,0,0)
791.2 (0,0,0)
791.4 (0,0,0)
791.6 (0,0,0)
791.8 (0,0,0)
792 (0,0,0)
792.2 (0,0,0)
792.4 (0,0,0)
792.6 (0,0,0)
792.8 (0,0,0)
793 (0,0,0)
793.2 (0,0,0)
793.4 (0,0,0)
793.6 (0,0,0)
793.8 (0,0,0)
794 (0,0,0)
794.2 (0,0,0)
794.4 (0,0,0)
794.6 (0,0,0)
794.8 (0,0,0)
795 (0,0,0)
795.2 (0,0,0)
795.4 (0,0,0)
795.6 (0,0,0)
795.8 (0,0,0)
796 (0,0,0)
796.2 (0,0,0)
796.4 (0,0,0)
796.6 (0,0,0)
796.8 (0,0,0)
797 (0,0,0)
797.2 (0,0,0)
797.4 (0,0,0)
797.6 (0,0,0)
797.8 (0,0,0)
798 (0,0,0)
798.2 (0,0,0)
798.4 (0,0,0)
798.6 (0,0,0)
798.8 (0,0,0)
799 (0,0,0)
799.2 (0,0,0)
799.4 (0,0,0)
799.6 (0,0,0)
799.8 (0,0,0)
800 (0,0,0)
800.2 (0,0,0)
800.4 (0,0,0)
800.6 (0,0,0)
800.8 (0,0,0)
801 (0,0,0)
801.2 (0,0,0)
801.4 (0,0,0)
801.6 (0,0,0)
801.8 (0,0,0)
802 (0,0,0)
802.2 (0,0,0)
802.4 (0,0,0)
802.6 (0,0,0)
802.8 (0,0,0)
803 (0,0,0)
803.2 (0,0,0)
803.4 (0,0,0)
803.6 (0,0,0)
803.8 (0,0,0)
804 (0,0,0)
804.2 (0,0,0)
804.4 (0,0,0)
804.6 (0,0,0)
804.8 (0,0,0)
805 (0,0,0)
805.2 (0,0,0)
805.4 (0,0,0)
805.6 (0,0,0)
805.8 (0,0,0)
806 (0,0,0)
806.2 (0,0,0)
806.4 (0,0,0)
806.6 (0,0,0)
806.8 (0,0,0)
807 (0,0,0)
807.2 (0,0,0)
807.4 (0,0,0)
807.6 (0,0,0)
807.8 (0,0,0)
808 (0,0,0)
808.2 (0,0,0)
808.4 (0,0,0)
808.6 (0,0,0)
808.8 (0,0,0)
809 (0,0,0)
809.2 (0,0,0)
809.4 (0,0,0)
809.6 (0,0,0)
809.8 (0,0,0)
810 (0,0,0)
810.2 (0,0,0)
810.4 (0,0,0)
810.6 (0,0,0)
810.8 (0,0,0)
811 (0,0,0)
811.2 (0,0,0)
811.4 (0,0,0)
811.6 (0,0,0)
811.8 (0,0,0)
812 (0,0,0)
812.2 (0,0,0)
812.4 (0,0,0)
812.6 (0,0,0)
812.8 (0,0,0)
813 (0,0,0)
813.2 (0,0,0)
813.4 (0,0,0)
813.6 (0,0,0)
813.8 (0,0,0)
814 (0,0,0)
814.2 (0,0,0)
814.4 (0,0,0)
814.6 (0,0,0)
814.8 (0,0,0)
815 (0,0,0)
815.2 (0,0,0)
815.4 (0,0,0)
815.6 (0,0,0)
815.8 (0,0,0)
816 (0,0,0)
816.2 (0,0,0)
816.4 (0,0,0)
816.6 (0,0,0)
816.8 (0,0,0)
817 (0,0,0)
817.2 (0,0,0)
817.4 (0,0,0)
817.6 (0,0,0)
817.8 (0,0,0)
818 (0,0,0)
818.2 (0,0,0)
818.4 (0,0,0)
818.6 (0,0,0)
818.8 (0,0,0)
819 (0,0,0)
819.2 (0,0,0)
819.4 (0,0,0)
819.6 (0,0,0)
819.8 (0,0,0)
820 (0,0,0)
820.2 (0,0,0)
820.4 (0,0,0)
820.6 (0,0,0)
820.8 (0,0,0)
821 (0,0,0)
821.2 (0,0,0)
821.4 (0,0,0)
821.6 (0,0,0)
821.8 (0,0,0)
822 (0,0,0)
822.2 (0,0,0)
822.4 (0,0,0)
822.6 (0,0,0)
822.8 (0,0,0)
823 (0,0,0)
823.2 (0,0,0)
823.4 (0,0,0)
823.6 (0,0,0)
823.8 (0,0,0)
824 (0,0,0)
824.2 (0,0,0)
824.4 (0,0,0)
824.6 (0,0,0)
824.8 (0,0,0)
825 (0,0,0)
825.2 (0,0,0)
825.4 (0,0,0)
825.6 (0,0,0)
825.8 (0,0,0)
826 (0,0,0)
826.2 (0,0,0)
826.4 (0,0,0)
826.6 (0,0,0)
826.8 (0,0,0)
827 (0,0,0)
827.2 (0,0,0)
827.4 (0,0,0)
827.6 (0,0,0)
827.8 (0,0,0)
828 (0,0,0)
828.2 (0,0,0)
828.4 (0,0,0)
828.6 (0,0,0)
828.8 (0,0,0)
829 (0,0,0)
829.2 (0,0,0)
829.4 (0,0,0)
829.6 (0,0,0)
829.8 (0,0,0)
830 (0,0,0)
830.2 (0,0,0)
830.4 (0,0,0)
830.6 (0,0,0)
830.8 (0,0,0)
831 (0,0,0)
831.2 (0,0,0)
831.4 (0,0,0)
831.6 (0,0,0)
831.8 (0,0,0)
832 (0,0,0)
832.2 (0,0,0)
832.4 (0,0,0)
832.6 (0,0,0)
832.8 (0,0,0)
833 (0,0,0)
833.2 (0,0,0)
833.4 (0,0,0)
833.6 (0,0,0)
833.8 (0,0,0)
834 (0,0,0)
834.2 (0,0,0)
834.4 (0,0,0)
834.6 (0,0,0)
834.8 (0,0,0)
835 (0,0,0)
835.2 (0,0,0)
835.4 (0,0,0)
835.6 (0,0,0)
835.8 (0,0,0)
836 (0,0,0)
836.2 (0,0,0)
836.4 (0,0,0)
836.6 (0,0,0)
836.8 (0,0,0)
837 (0,0,0)
837.2 (0,0,0)
837.4 (0,0,0)
837.6 (0,0,0)
837.8 (0,0,0)
838 (0,0,0)
838.2 (0,0,0)
838.4 (0,0,0)
838.6 (0,0,0)
838.8 (0,0,0)
839 (0,0,0)
839.2 (0,0,0)
839.4 (0,0,0)
839.6 (0,0,0)
839.8 (0,0,0)
840 (0,0,0)
840.2 (0,0,0)
840.4 (0,0,0)
840.6 (0,0,0)
840.8 (0,0,0)
841 (0,0,0)
841.2 (0,0,0)
841.4 (0,0,0)
841.6 (0,0,0)
841.8 (0,0,0)
842 (0,0,0)
842.2 (0,0,0)
842.4 (0,0,0)
842.6 (0,0,0)
842.8 (0,0,0)
843 (0,0,0)
843.2 (0,0,0)
843.4 (0,0,0)
843.6 (0,0,0)
843.8 (0,0,0)
844 (0,0,0)
844.2 (0,0,0)
844.4 (0,0,0)
844.6 (0,0,0)
844.8 (0,0,0)
845 (0,0,0)
845.2 (0,0,0)
845.4 (0,0,0)
845.6 (0,0,0)
845.8 (0,0,0)
846 (0,0,0)
846.2 (0,0,0)
846.4 (0,0,0)
846.6 (0,0,0)
846.8 (0,0,0)
847 (0,0,0)
847.2 (0,0,0)
847.4 (0,0,0)
847.6 (0,0,0)
847.8 (0,0,0)
848 (0,0,0)
848.2 (0,0,0)
848.4 (0,0,0)
848.6 (0,0,0)
848.8 (0,0,0)
849 (0,0,0)
849.2 (0,0,0)
849.4 (0,0,0)
849.6 (0,0,0)
849.8 (0,0,0)
850 (0,0,0)
850.2 (0,0,0)
850.4 (0,0,0)
850.6 (0,0,0)
850.8 (0,0,0)
851 (0,0,0)
851.2 (0,0,0)
851.4 (0,0,0)
851.6 (0,0,0)
851.8 (0,0,0)
852 (0,0,0)
852.2 (0,0,0)
852.4 (0,0,0)
852.6 (0,0,0)
852.8 (0,0,0)
853 (0,0,0)
853.2 (0,0,0)
853.4 (0,0,0)
853.6 (0,0,0)
853.8 (0,0,0)
854 (0,0,0)
854.2 (0,0,0)
854.4 (0,0,0)
854.6 (0,0,0)
854.8 (0,0,0)
855 (0,0,0)
855.2 (0,0,0)
855.4 (0,0,0)
855.6 (0,0,0)
855.8 (0,0,0)
856 (0,0,0)
856.2 (0,0,0)
856.4 (0,0,0)
856.6 (0,0,0)
856.8 (0,0,0)
857 (0,0,0)
857.2 (0,0,0)
857.4 (0,0,0)
857.6 (0,0,0)
857.8 (0,0,0)
858 (0,0,0)
858.2 (0,0,0)
858.4 (0,0,0)
858.6 (0,0,0)
858.8 (0,0,0)
859 (0,0,0)
859.2 (0,0,0)
859.4 (0,0,0)
859.6 (0,0,0)
859.8 (0,0,0)
860 (0,0,0)
860.2 (0,0,0)
860.4 (0,0,0)
860.6 (0,0,0)
860.8 (0,0,0)
861 (0,0,0)
861.2 (0,0,0)
861.4 (0,0,0)
861.6 (0,0,0)
861.8 (0,0,0)
862 (0,0,0)
862.2 (0,0,0)
862.4 (0,0,0)
862.6 (0,0,0)
862.8 (0,0,0)
863 (0,0,0)
863.2 (0,0,0)
863.4 (0,0,0)
863.6 (0,0,0)
863.8 (0,0,0)
864 (0,0,0)
864.2 (0,0,0)
864.4 (0,0,0)
864.6 (0,0,0)
864.8 (0,0,0)
865 (0,0,0)
865.2 (0,0,0)
865.4 (0,0,0)
865.6 (0,0,0)
865.8 (0,0,0)
866 (0,0,0)
866.2 (0,0,0)
866.4 (0,0,0)
866.6 (0,0,0)
866.8 (0,0,0)
867 (0,0,0)
867.2 (0,0,0)
867.4 (0,0,0)
867.6 (0,0,0)
867.8 (0,0,0)
868 (0,0,0)
868.2 (0,0,0)
868.4 (0,0,0)
868.6 (0,0,0)
868.8 (0,0,0)
869 (0,0,0)
869.2 (0,0,0)
869.4 (0,0,0)
869.6 (0,0,0)
869.8 (0,0,0)
870 (0,0,0)
870.2 (0,0,0)
870.4 (0,0,0)
870.6 (0,0,0)
870.8 (0,0,0)
871 (0,0,0)
871.2 (0,0,0)
871.4 (0,0,0)
871.6 (0,0,0)
871.8 (0,0,0)
872 (0,0,0)
872.2 (0,0,0)
872.4 (0,0,0)
872.6 (0,0,0)
872.8 (0,0,0)
873 (0,0,0)
873.2 (0,0,0)
873.4 (0,0,0)
873.6 (0,0,0)
873.8 (0,0,0)
874 (0,0,0)
874.2 (0,0,0)
874.4 (0,0,0)
874.6 (0,0,0)
874.8 (0,0,0)
875 (0,0,0)
875.2 (0,0,0)
875.4 (0,0,0)
875.6 (0,0,0)
875.8 (0,0,0)
876 (0,0,0)
876.2 (0,0,0)
876.4 (0,0,0)
876.6 (0,0,0)
876.8 (0,0,0)
877 (0,0,0)
877.2 (0,0,0)
877.4 (0,0,0)
877.6 (0,0,0)
877.8 (0,0,0)
878 (0,0,0)
878.2 (0,0,0)
878.4 (0,0,0)
878.6 (0,0,0)
878.8 (0,0,0)
879 (0,0,0)
879.2 (0,0,0)
879.4 (0,0,0)
879.6 (0,0,0)
879.8 (0,0,0)
880 (0,0,0)
880.2 (0,0,0)
880.4 (0,0,0)
880.6 (0,0,0)
880.8 (0,0,0)
881 (0,0,0)
881.2 (0,0,0)
881.4 (0,0,0)
881.6 (0,0,0)
881.8 (0,0,0)
882 (0,0,0)
882.2 (0,0,0)
882.4 (0,0,0)
882.6 (0,0,0)
882.8 (0,0,0)
883 (0,0,0)
883.2 (0,0,0)
883.4 (0,0,0)
883.6 (0,0,0)
883.8 (0,0,0)
884 (0,0,0)
884.2 (0,0,0)
884.4 (0,0,0)
884.6 (0,0,0)
884.8 (0,0,0)
885 (0,0,0)
885.2 (0,0,0)
885.4 (0,0,0)
885.6 (0,0,0)
885.8 (0,0,0)
886 (0,0,0)
886.2 (0,0,0)
886.4 (0,0,0)
886.6 (0,0,0)
886.8 (0,0,0)
887 (0,0,0)
887.2 (0,0,0)
887.4 (0,0,0)
887.6 (0,0,0)
887.8 (0,0,0)
888 (0,0,0)
888.2 (0,0,0)
888.4 (0,0,0)
888.6 (0,0,0)
888.8 (0,0,0)
889 (0,0,0)
889.2 (0,0,0)
889.4 (0,0,0)
889.6 (0,0,0)
889.8 (0,0,0)
890 (0,0,0)
890.2 (0,0,0)
890.4 (0,0,0)
890.6 (0,0,0)
890.8 (0,0,0)
891 (0,0,0)
891.2 (0,0,0)
891.4 (0,0,0)
891.6 (0,0,0)
891.8 (0,0,0)
892 (0,0,0)
892.2 (0,0,0)
892.4 (0,0,0)
892.6 (0,0,0)
892.8 (0,0,0)
893 (0,0,0)
893.2 (0,0,0)
893.4 (0,0,0)
893.6 (0,0,0)
893.8 (0,0,0)
894 (0,0,0)
894.2 (0,0,0)
# Antenna 2 at (0m, -90m, -10m) (Geant4 coordinates)
496.6 (0,0,0)
496.8 (0,0,0)
497 (0,0,0)
497.2 (0,0,0)
497.4 (0,0,0)
497.6 (0,0,0)
497.8 (0,0,0)
498 (0,0,0)
498.2 (0,0,0)
498.4 (0,0,0)
498.6 (0,0,0)
498.8 (0,0,0)
499 (0,0,0)
499.2 (0,0,0)
499.4 (0,0,0)
499.6 (0,0,0)
499.8 (0,0,0)
500 (0,0,0)
500.2 (0,0,0)
500.4 (0,0,0)
500.6 (0,0,0)
500.8 (0,0,0)
501 (0,0,0)
501.2 (0,0,0)
501.4 (0,0,0)
501.6 (0,0,0)
501.8 (0,0,0)
502 (0,0,0)
502.2 (0,0,0)
502.4 (0,0,0)
502.6 (0,0,0)
502.8 (0,0,0)
503 (0,0,0)
503.2 (0,0,0)
503.4 (0,0,0)
503.6 (0,0,0)
503.8 (0,0,0)
504 (0,0,0)
504.2 (0,0,0)
504.4 (0,0,0)
504.6 (0,0,0)
504.8 (0,0,0)
505 (0,0,0)
505.2 (0,0,0)
505.4 (0,0,0)
505.6 (0,0,0)
505.8 (0,0,0)
506 (0,0,0)
506.2 (0,0,0)
506.4 (0,0,0)
506.6 (0,0,0)
506.8 (0,0,0)
507 (0,0,0)
507.2 (0,0,0)
507.4 (0,0,0)
507.6 (0,0,0)
507.8 (0,0,0)
508 (0,0,0)
508.2 (0,0,0)
508.4 (0,0,0)
508.6 (0,0,0)
508.8 (0,0,0)
509 (0,0,0)
509.2 (0,0,0)
509.4 (0,0,0)
509.6 (0,0,0)
509.8 (0,0,0)
510 (0,0,0)
510.2 (0,0,0)
510.4 (0,0,0)
510.6 (0,0,0)
510.8 (0,0,0)
511 (0,0,0)
511.2 (0,0,0)
511.4 (0,0,0)
511.6 (0,0,0)
511.8 (0,0,0)
512 (0,0,0)
512.2 (0,0,0)
512.4 (0,0,0)
512.6 (0,0,0)
512.8 (0,0,0)
513 (0,0,0)
513.2 (0,0,0)
513.4 (0,0,0)
513.6 (0,0,0)
513.8 (0,0,0)
514 (0,0,0)
514.2 (0,0,0)
514.4 (0,0,0)
514.6 (0,0,0)
514.8 (0,0,0)
515 (0,0,0)
515.2 (0,0,0)
515.4 (0,0,0)
515.6 (0,0,0)
515.8 (0,0,0)
516 (0,0,0)
516.2 (0,0,0)
516.4 (0,0,0)
516.6 (1.36033309303641e-12,-6.26933665812606e-13,7.09078859171317e-12)
516.8 (3.38276225030107e-13,1.57997176578283e-13,-1.86324908465533e-12)
517 (-1.61070846093072e-10,3.09866023210358e-12,-2.67315730887613e-11)
517.2 (-3.67468921541372e-12,-9.1583454625042e-12,1.04702000337598e-10)
517.4 (1.54140038652476e-10,4.63470019304569e-12,-6.08476387999954e-11)
517.6 (2.59608786805862e-13,-3.73043097320283e-14,4.12561862684467e-13)
517.8 (0,0,0)
518 (-7.59744417512139e-15,6.13116943856483e-14,-6.18347103681077e-13)
518.2 (0,0,0)
518.4 (0,0,0)
518.6 (7.1490749284593e-16,7.22700097207229e-16,-3.27271875795689e-15)
518.8 (2.2691780329998e-11,7.03125708842325e-12,-7.1839450249017e-11)
519 (-2.44275313425119e-11,-7.06473330494076e-12,7.30146506823576e-11)
519.2 (-1.71558928965164e-12,3.01266685168319e-13,-1.62246982803929e-12)
519.4 (-4.10983191845954e-13,2.40887430055175e-13,-1.39384092546935e-12)
519.6 (-5.93680104714107e-14,1.33414417708121e-14,-2.45333004776108e-14)
519.8 (-1.12004698427613e-14,9.41141159193328e-15,-5.97366498084561e-14)
520 (1.85135888829626e-14,1.43451477094224e-14,-2.8236378640907e-14)
520.2 (0,0,0)
520.4 (6.19143004792345e-11,-3.75846869567078e-12,4.41026615831534e-11)
520.6 (1.46020938074374e-10,2.00598396790957e-11,-2.27522146073233e-10)
520.8 (1.29738317816126e-09,6.86844759675069e-12,-1.63480112735153e-10)
521 (5.42004596230359e-13,1.59082721697655e-13,-6.0374065559724e-13)
521.2 (2.16925323499893e-10,-4.98192471906478e-12,6.08539304837062e-11)
521.4 (-2.16872681093673e-10,4.9973080622832e-12,-6.0851005959328e-11)
521.6 (-1.50042586914528e-12,6.72606243258999e-13,-6.78127031551418e-12)
521.8 (1.3469875228971e-12,-6.07474499773361e-13,6.63011475614567e-12)
522 (0,0,0)
522.2 (0,0,0)
522.4 (1.82956102108981e-16,5.82909666022463e-17,1.63100650997026e-16)
522.6 (3.97367757735762e-12,-5.12506433118844e-13,5.23586226022235e-12)
522.8 (-3.97355887750861e-12,5.12587084638973e-13,-5.23542765427819e-12)
523 (0,0,0)
523.2 (0,0,0)
523.4 (0,0,0)
523.6 (0,0,0)
523.8 (-1.20959611103335e-14,4.71283231254468e-15,6.7620642495588e-14)
524 (1.12971394225025e-14,1.40596196722086e-14,-5.51142941642307e-15)
524.2 (-2.93244143519012e-14,1.04227336070795e-14,-6.47676618346937e-14)
524.4 (0,0,0)
524.6 (0,0,0)
524.8 (-5.52875912180635e-17,2.53746279394814e-17,-8.58461356174893e-17)
525 (0,0,0)
525.2 (0,0,0)
525.4 (0,0,0)
525.6 (-3.126838103031e-14,2.95490633486632e-15,-4.25515035573626e-15)
525.8 (-1.69217732933341e-14,9.43568431672249e-15,1.70876055589793e-15)
526 (-2.27442559910672e-16,2.49290039854357e-16,-6.28021298718536e-16)
526.2 (0,0,0)
526.4 (0,0,0)
526.6 (0,0,0)
526.8 (0,0,0)
527 (0,0,0)
527.2 (0,0,0)
527.4 (0,0,0)
527.6 (0,0,0)
527.8 (0,0,0)
528 (0,0,0)
528.2 (0,0,0)
528.4 (0,0,0)
528.6 (0,0,0)
528.8 (0,0,0)
529 (0,0,0)
529.2 (0,0,0)
529.4 (0,0,0)
529.6 (0,0,0)
529.8 (0,0,0)
530 (0,0,0)
530.2 (0,0,0)
530.4 (0,0,0)
530.6 (0,0,0)
530.8 (0,0,0)
531 (0,0,0)
531.2 (0,0,0)
531.4 (0,0,0)
531.6 (0,0,0)
531.8 (0,0,0)
532 (0,0,0)
532.2 (0,0,0)
532.4 (0,0,0)
532.6 (0,0,0)
532.8 (0,0,0)
533 (0,0,0)
533.2 (0,0,0)
533.4 (0,0,0)
533.6 (0,0,0)
533.8 (0,0,0)
534 (0,0,0)
534.2 (0,0,0)
534.4 (0,0,0)
534.6 (0,0,0)
534.8 (0,0,0)
535 (0,0,0)
535.2 (0,0,0)
535.4 (0,0,0)
535.6 (0,0,0)
535.8 (0,0,0)
536 (0,0,0)
536.2 (4.14332983337334e-11,4.33656110038723e-12,-4.99158507841328e-11)
536.4 (3.11670321905836e-11,5.72726504149037e-12,-6.68568305157694e-11)
536.6 (-7.25827036625437e-11,-1.0034788709716e-11,1.16751081255342e-10)
536.8 (0,0,0)
537 (-6.49984697123185e-16,1.21805576875022e-15,-1.33076971480251e-15)
537.2 (0,0,0)
537.4 (0,0,0)
537.6 (0,0,0)
537.8 (0,0,0)
538 (5.87307586150707e-14,2.68688335817655e-15,5.89924018616374e-14)
538.2 (0,0,0)
538.4 (0,0,0)
538.6 (0,0,0)
538.8 (0,0,0)
539 (0,0,0)
539.2 (0,0,0)
539.4 (0,0,0)
539.6 (0,0,0)
539.8 (0,0,0)
540 (0,0,0)
540.2 (0,0,0)
540.4 (0,0,0)
540.6 (0,0,0)
540.8 (0,0,0)
541 (0,0,0)
541.2 (0,0,0)
541.4 (0,0,0)
541.6 (0,0,0)
541.8 (0,0,0)
542 (0,0,0)
542.2 (0,0,0)
542.4 (0,0,0)
542.6 (0,0,0)
542.8 (0,0,0)
543 (0,0,0)
543.2 (0,0,0)
543.4 (0,0,0)
543.6 (0,0,0)
543.8 (0,0,0)
544 (0,0,0)
544.2 (0,0,0)
544.4 (0,0,0)
544.6 (0,0,0)
544.8 (0,0,0)
545 (0,0,0)
545.2 (0,0,0)
545.4 (0,0,0)
545.6 (0,0,0)
545.8 (0,0,0)
546 (0,0,0)
546.2 (0,0,0)
546.4 (0,0,0)
546.6 (0,0,0)
546.8 (0,0,0)
547 (0,0,0)
547.2 (0,0,0)
547.4 (0,0,0)
547.6 (0,0,0)
547.8 (0,0,0)
548 (0,0,0)
548.2 (0,0,0)
548.4 (0,0,0)
548.6 (0,0,0)
548.8 (0,0,0)
549 (0,0,0)
549.2 (0,0,0)
549.4 (0,0,0)
549.6 (0,0,0)
549.8 (0,0,0)
550 (0,0,0)
550.2 (0,0,0)
550.4 (0,0,0)
550.6 (0,0,0)
550.8 (0,0,0)
551 (0,0,0)
551.2 (0,0,0)
551.4 (0,0,0)
551.6 (0,0,0)
551.8 (0,0,0)
552 (0,0,0)
552.2 (0,0,0)
552.4 (0,0,0)
552.6 (0,0,0)
552.8 (0,0,0)
553 (0,0,0)
553.2 (0,0,0)
553.4 (0,0,0)
553.6 (0,0,0)
553.8 (0,0,0)
554 (0,0,0)
554.2 (0,0,0)
554.4 (0,0,0)
554.6 (0,0,0)
554.8 (0,0,0)
555 (0,0,0)
555.2 (0,0,0)
555.4 (0,0,0)
555.6 (0,0,0)
555.8 (0,0,0)
556 (0,0,0)
556.2 (0,0,0)
556.4 (0,0,0)
556.6 (0,0,0)
556.8 (0,0,0)
557 (0,0,0)
557.2 (0,0,0)
557.4 (0,0,0)
557.6 (0,0,0)
557.8 (0,0,0)
558 (0,0,0)
558.2 (0,0,0)
558.4 (0,0,0)
558.6 (0,0,0)
558.8 (0,0,0)
559 (0,0,0)
559.2 (0,0,0)
559.4 (0,0,0)
559.6 (0,0,0)
559.8 (0,0,0)
560 (0,0,0)
560.2 (0,0,0)
560.4 (0,0,0)
560.6 (0,0,0)
560.8 (0,0,0)
561 (0,0,0)
561.2 (0,0,0)
561.4 (0,0,0)
561.6 (0,0,0)
561.8 (0,0,0)
562 (0,0,0)
562.2 (0,0,0)
562.4 (0,0,0)
562.6 (0,0,0)
562.8 (0,0,0)
563 (0,0,0)
563.2 (0,0,0)
563.4 (0,0,0)
563.6 (0,0,0)
563.8 (0,0,0)
564 (0,0,0)
564.2 (0,0,0)
564.4 (0,0,0)
564.6 (0,0,0)
564.8 (0,0,0)
565 (0,0,0)
565.2 (0,0,0)
565.4 (0,0,0)
565.6 (0,0,0)
565.8 (0,0,0)
566 (0,0,0)
566.2 (0,0,0)
566.4 (0,0,0)
566.6 (0,0,0)
566.8 (0,0,0)
567 (0,0,0)
567.2 (0,0,0)
567.4 (0,0,0)
567.6 (0,0,0)
567.8 (0,0,0)
568 (0,0,0)
568.2 (0,0,0)
568.4 (0,0,0)
568.6 (0,0,0)
568.8 (0,0,0)
569 (0,0,0)
569.2 (0,0,0)
569.4 (0,0,0)
569.6 (0,0,0)
569.8 (0,0,0)
570 (0,0,0)
570.2 (0,0,0)
570.4 (0,0,0)
570.6 (0,0,0)
570.8 (0,0,0)
571 (0,0,0)
571.2 (0,0,0)
571.4 (0,0,0)
571.6 (0,0,0)
571.8 (0,0,0)
572 (0,0,0)
572.2 (0,0,0)
572.4 (0,0,0)
572.6 (0,0,0)
572.8 (0,0,0)
573 (0,0,0)
573.2 (0,0,0)
573.4 (0,0,0)
573.6 (0,0,0)
573.8 (0,0,0)
574 (0,0,0)
574.2 (0,0,0)
574.4 (0,0,0)
574.6 (0,0,0)
574.8 (0,0,0)
575 (0,0,0)
575.2 (0,0,0)
575.4 (0,0,0)
575.6 (0,0,0)
575.8 (0,0,0)
576 (0,0,0)
576.2 (0,0,0)
576.4 (0,0,0)
576.6 (0,0,0)
576.8 (0,0,0)
577 (0,0,0)
577.2 (0,0,0)
577.4 (0,0,0)
577.6 (0,0,0)
577.8 (0,0,0)
578 (0,0,0)
578.2 (0,0,0)
578.4 (0,0,0)
578.6 (0,0,0)
578.8 (0,0,0)
579 (0,0,0)
579.2 (0,0,0)
579.4 (0,0,0)
579.6 (0,0,0)
579.8 (0,0,0)
580 (0,0,0)
580.2 (0,0,0)
580.4 (0,0,0)
580.6 (0,0,0)
580.8 (0,0,0)
581 (0,0,0)
581.2 (0,0,0)
581.4 (0,0,0)
581.6 (0,0,0)
581.8 (0,0,0)
582 (0,0,0)
582.2 (0,0,0)
582.4 (0,0,0)
582.6 (0,0,0)
582.8 (0,0,0)
583 (0,0,0)
583.2 (0,0,0)
583.4 (0,0,0)
583.6 (0,0,0)
583.8 (0,0,0)
584 (0,0,0)
584.2 (0,0,0)
584.4 (0,0,0)
584.6 (0,0,0)
584.8 (0,0,0)
585 (0,0,0)
585.2 (0,0,0)
585.4 (0,0,0)
585.6 (0,0,0)
585.8 (0,0,0)
586 (0,0,0)
586.2 (0,0,0)
586.4 (0,0,0)
586.6 (0,0,0)
586.8 (0,0,0)
587 (0,0,0)
587.2 (0,0,0)
587.4 (0,0,0)
587.6 (0,0,0)
587.8 (0,0,0)
588 (0,0,0)
588.2 (0,0,0)
588.4 (0,0,0)
588.6 (0,0,0)
588.8 (0,0,0)
589 (0,0,0)
589.2 (0,0,0)
589.4 (0,0,0)
589.6 (0,0,0)
589.8 (0,0,0)
590 (0,0,0)
590.2 (0,0,0)
590.4 (0,0,0)
590.6 (0,0,0)
590.8 (0,0,0)
591 (0,0,0)
591.2 (0,0,0)
591.4 (0,0,0)
591.6 (0,0,0)
591.8 (0,0,0)
592 (0,0,0)
592.2 (0,0,0)
592.4 (0,0,0)
592.6 (0,0,0)
592.8 (0,0,0)
593 (0,0,0)
593.2 (0,0,0)
593.4 (0,0,0)
593.6 (0,0,0)
593.8 (0,0,0)
594 (0,0,0)
594.2 (0,0,0)
594.4 (0,0,0)
594.6 (0,0,0)
594.8 (0,0,0)
595 (0,0,0)
595.2 (0,0,0)
595.4 (0,0,0)
595.6 (0,0,0)
595.8 (0,0,0)
596 (0,0,0)
596.2 (0,0,0)
596.4 (0,0,0)
596.6 (0,0,0)
596.8 (0,0,0)
597 (0,0,0)
597.2 (0,0,0)
597.4 (0,0,0)
597.6 (0,0,0)
597.8 (0,0,0)
598 (0,0,0)
598.2 (0,0,0)
598.4 (0,0,0)
598.6 (0,0,0)
598.8 (0,0,0)
599 (0,0,0)
599.2 (0,0,0)
599.4 (0,0,0)
599.6 (0,0,0)
599.8 (0,0,0)
600 (0,0,0)
600.2 (0,0,0)
600.4 (0,0,0)
600.6 (0,0,0)
600.8 (0,0,0)
601 (0,0,0)
601.2 (0,0,0)
601.4 (0,0,0)
601.6 (0,0,0)
601.8 (0,0,0)
602 (0,0,0)
602.2 (0,0,0)
602.4 (0,0,0)
602.6 (0,0,0)
602.8 (0,0,0)
603 (0,0,0)
603.2 (0,0,0)
603.4 (0,0,0)
603.6 (0,0,0)
603.8 (0,0,0)
604 (0,0,0)
604.2 (0,0,0)
604.4 (0,0,0)
604.6 (0,0,0)
604.8 (0,0,0)
605 (0,0,0)
605.2 (0,0,0)
605.4 (0,0,0)
605.6 (0,0,0)
605.8 (0,0,0)
606 (0,0,0)
606.2 (0,0,0)
606.4 (0,0,0)
606.6 (0,0,0)
606.8 (0,0,0)
607 (0,0,0)
607.2 (0,0,0)
607.4 (0,0,0)
607.6 (0,0,0)
607.8 (0,0,0)
608 (0,0,0)
608.2 (0,0,0)
608.4 (0,0,0)
608.6 (0,0,0)
608.8 (0,0,0)
609 (0,0,0)
609.2 (0,0,0)
609.4 (0,0,0)
609.6 (0,0,0)
609.8 (0,0,0)
610 (0,0,0)
610.2 (0,0,0)
610.4 (0,0,0)
610.6 (0,0,0)
610.8 (0,0,0)
611 (0,0,0)
611.2 (0,0,0)
611.4 (0,0,0)
611.6 (0,0,0)
611.8 (0,0,0)
612 (0,0,0)
612.2 (0,0,0)
612.4 (0,0,0)
612.6 (0,0,0)
612.8 (0,0,0)
613 (0,0,0)
613.2 (0,0,0)
613.4 (0,0,0)
613.6 (0,0,0)
613.8 (0,0,0)
614 (0,0,0)
614.2 (0,0,0)
614.4 (0,0,0)
614.6 (0,0,0)
614.8 (0,0,0)
615 (0,0,0)
615.2 (0,0,0)
615.4 (0,0,0)
615.6 (0,0,0)
615.8 (0,0,0)
616 (0,0,0)
616.2 (0,0,0)
616.4 (0,0,0)
616.6 (0,0,0)
616.8 (0,0,0)
617 (0,0,0)
617.2 (0,0,0)
617.4 (0,0,0)
617.6 (0,0,0)
617.8 (0,0,0)
618 (0,0,0)
618.2 (0,0,0)
618.4 (0,0,0)
618.6 (0,0,0)
618.8 (0,0,0)
619 (0,0,0)
619.2 (0,0,0)
619.4 (0,0,0)
619.6 (0,0,0)
619.8 (0,0,0)
620 (0,0,0)
620.2 (0,0,0)
620.4 (0,0,0)
620.6 (0,0,0)
620.8 (0,0,0)
621 (0,0,0)
621.2 (0,0,0)
621.4 (0,0,0)
621.6 (0,0,0)
621.8 (0,0,0)
622 (0,0,0)
622.2 (0,0,0)
622.4 (0,0,0)
622.6 (0,0,0)
622.8 (0,0,0)
623 (0,0,0)
623.2 (0,0,0)
623.4 (0,0,0)
623.6 (0,0,0)
623.8 (0,0,0)
624 (0,0,0)
624.2 (0,0,0)
624.4 (0,0,0)
624.6 (0,0,0)
624.8 (0,0,0)
625 (0,0,0)
625.2 (0,0,0)
625.4 (0,0,0)
625.6 (0,0,0)
625.8 (0,0,0)
626 (0,0,0)
626.2 (0,0,0)
626.4 (0,0,0)
626.6 (0,0,0)
626.8 (0,0,0)
627 (0,0,0)
627.2 (0,0,0)
627.4 (0,0,0)
627.6 (0,0,0)
627.8 (0,0,0)
628 (0,0,0)
628.2 (0,0,0)
628.4 (0,0,0)
628.6 (0,0,0)
628.8 (0,0,0)
629 (0,0,0)
629.2 (0,0,0)
629.4 (0,0,0)
629.6 (0,0,0)
629.8 (0,0,0)
630 (0,0,0)
630.2 (0,0,0)
630.4 (0,0,0)
630.6 (0,0,0)
630.8 (0,0,0)
631 (0,0,0)
631.2 (0,0,0)
631.4 (0,0,0)
631.6 (0,0,0)
631.8 (0,0,0)
632 (0,0,0)
632.2 (0,0,0)
632.4 (0,0,0)
632.6 (0,0,0)
632.8 (0,0,0)
633 (0,0,0)
633.2 (0,0,0)
633.4 (0,0,0)
633.6 (0,0,0)
633.8 (0,0,0)
634 (0,0,0)
634.2 (0,0,0)
634.4 (0,0,0)
634.6 (0,0,0)
634.8 (0,0,0)
635 (0,0,0)
635.2 (0,0,0)
635.4 (0,0,0)
635.6 (0,0,0)
635.8 (0,0,0)
636 (0,0,0)
636.2 (0,0,0)
636.4 (0,0,0)
636.6 (0,0,0)
636.8 (0,0,0)
637 (0,0,0)
637.2 (0,0,0)
637.4 (0,0,0)
637.6 (0,0,0)
637.8 (0,0,0)
638 (0,0,0)
638.2 (0,0,0)
638.4 (0,0,0)
638.6 (0,0,0)
638.8 (0,0,0)
639 (0,0,0)
639.2 (0,0,0)
639.4 (0,0,0)
639.6 (0,0,0)
639.8 (0,0,0)
640 (0,0,0)
640.2 (0,0,0)
640.4 (0,0,0)
640.6 (0,0,0)
640.8 (0,0,0)
641 (0,0,0)
641.2 (0,0,0)
641.4 (0,0,0)
641.6 (0,0,0)
641.8 (0,0,0)
642 (0,0,0)
642.2 (0,0,0)
642.4 (0,0,0)
642.6 (0,0,0)
642.8 (0,0,0)
643 (0,0,0)
643.2 (0,0,0)
643.4 (0,0,0)
643.6 (0,0,0)
643.8 (0,0,0)
644 (0,0,0)
644.2 (0,0,0)
644.4 (0,0,0)
644.6 (0,0,0)
644.8 (0,0,0)
645 (0,0,0)
645.2 (0,0,0)
645.4 (0,0,0)
645.6 (0,0,0)
645.8 (0,0,0)
646 (0,0,0)
646.2 (0,0,0)
646.4 (0,0,0)
646.6 (0,0,0)
646.8 (0,0,0)
647 (0,0,0)
647.2 (0,0,0)
647.4 (0,0,0)
647.6 (0,0,0)
647.8 (0,0,0)
648 (0,0,0)
648.2 (0,0,0)
648.4 (0,0,0)
648.6 (0,0,0)
648.8 (0,0,0)
649 (0,0,0)
649.2 (0,0,0)
649.4 (0,0,0)
649.6 (0,0,0)
649.8 (0,0,0)
650 (0,0,0)
650.2 (0,0,0)
650.4 (0,0,0)
650.6 (0,0,0)
650.8 (0,0,0)
651 (0,0,0)
651.2 (0,0,0)
651.4 (0,0,0)
651.6 (0,0,0)
651.8 (0,0,0)
652 (0,0,0)
652.2 (0,0,0)
652.4 (0,0,0)
652.6 (0,0,0)
652.8 (0,0,0)
653 (0,0,0)
653.2 (0,0,0)
653.4 (0,0,0)
653.6 (0,0,0)
653.8 (0,0,0)
654 (0,0,0)
654.2 (0,0,0)
654.4 (0,0,0)
654.6 (0,0,0)
654.8 (0,0,0)
655 (0,0,0)
655.2 (0,0,0)
655.4 (0,0,0)
655.6 (0,0,0)
655.8 (0,0,0)
656 (0,0,0)
656.2 (0,0,0)
656.4 (0,0,0)
656.6 (0,0,0)
656.8 (0,0,0)
657 (0,0,0)
657.2 (0,0,0)
657.4 (0,0,0)
657.6 (0,0,0)
657.8 (0,0,0)
658 (0,0,0)
658.2 (0,0,0)
658.4 (0,0,0)
658.6 (0,0,0)
658.8 (0,0,0)
659 (0,0,0)
659.2 (0,0,0)
659.4 (0,0,0)
659.6 (0,0,0)
659.8 (0,0,0)
660 (0,0,0)
660.2 (0,0,0)
660.4 (0,0,0)
660.6 (0,0,0)
660.8 (0,0,0)
661 (0,0,0)
661.2 (0,0,0)
661.4 (0,0,0)
661.6 (0,0,0)
661.8 (0,0,0)
662 (0,0,0)
662.2 (0,0,0)
662.4 (0,0,0)
662.6 (0,0,0)
662.8 (0,0,0)
663 (0,0,0)
663.2 (0,0,0)
663.4 (0,0,0)
663.6 (0,0,0)
663.8 (0,0,0)
664 (0,0,0)
664.2 (0,0,0)
664.4 (0,0,0)
664.6 (0,0,0)
664.8 (0,0,0)
665 (0,0,0)
665.2 (0,0,0)
665.4 (0,0,0)
665.6 (0,0,0)
665.8 (0,0,0)
666 (0,0,0)
666.2 (0,0,0)
666.4 (0,0,0)
666.6 (0,0,0)
666.8 (0,0,0)
667 (0,0,0)
667.2 (0,0,0)
667.4 (0,0,0)
667.6 (0,0,0)
667.8 (0,0,0)
668 (0,0,0)
668.2 (0,0,0)
668.4 (0,0,0)
668.6 (0,0,0)
668.8 (0,0,0)
669 (0,0,0)
669.2 (0,0,0)
669.4 (0,0,0)
669.6 (0,0,0)
669.8 (0,0,0)
670 (0,0,0)
670.2 (0,0,0)
670.4 (0,0,0)
670.6 (0,0,0)
670.8 (0,0,0)
671 (0,0,0)
671.2 (0,0,0)
671.4 (0,0,0)
671.6 (0,0,0)
671.8 (0,0,0)
672 (0,0,0)
672.2 (0,0,0)
672.4 (0,0,0)
672.6 (0,0,0)
672.8 (0,0,0)
673 (0,0,0)
673.2 (0,0,0)
673.4 (0,0,0)
673.6 (0,0,0)
673.8 (0,0,0)
674 (0,0,0)
674.2 (0,0,0)
674.4 (0,0,0)
674.6 (0,0,0)
674.8 (0,0,0)
675 (0,0,0)
675.2 (0,0,0)
675.4 (0,0,0)
675.6 (0,0,0)
675.8 (0,0,0)
676 (0,0,0)
676.2 (0,0,0)
676.4 (0,0,0)
676.6 (0,0,0)
676.8 (0,0,0)
677 (0,0,0)
677.2 (0,0,0)
677.4 (0,0,0)
677.6 (0,0,0)
677.8 (0,0,0)
678 (0,0,0)
678.2 (0,0,0)
678.4 (0,0,0)
678.6 (0,0,0)
678.8 (0,0,0)
679 (0,0,0)
679.2 (0,0,0)
679.4 (0,0,0)
679.6 (0,0,0)
679.8 (0,0,0)
680 (0,0,0)
680.2 (0,0,0)
680.4 (0,0,0)
680.6 (0,0,0)
680.8 (0,0,0)
681 (0,0,0)
681.2 (0,0,0)
681.4 (0,0,0)
681.6 (0,0,0)
681.8 (0,0,0)
682 (0,0,0)
682.2 (0,0,0)
682.4 (0,0,0)
682.6 (0,0,0)
682.8 (0,0,0)
683 (0,0,0)
683.2 (0,0,0)
683.4 (0,0,0)
683.6 (0,0,0)
683.8 (0,0,0)
684 (0,0,0)
684.2 (0,0,0)
684.4 (0,0,0)
684.6 (0,0,0)
684.8 (0,0,0)
685 (0,0,0)
685.2 (0,0,0)
685.4 (0,0,0)
685.6 (0,0,0)
685.8 (0,0,0)
686 (0,0,0)
686.2 (0,0,0)
686.4 (0,0,0)
686.6 (0,0,0)
686.8 (0,0,0)
687 (0,0,0)
687.2 (0,0,0)
687.4 (0,0,0)
687.6 (0,0,0)
687.8 (0,0,0)
688 (0,0,0)
688.2 (0,0,0)
688.4 (0,0,0)
688.6 (0,0,0)
688.8 (0,0,0)
689 (0,0,0)
689.2 (0,0,0)
689.4 (0,0,0)
689.6 (0,0,0)
689.8 (0,0,0)
690 (0,0,0)
690.2 (0,0,0)
690.4 (0,0,0)
690.6 (0,0,0)
690.8 (0,0,0)
691 (0,0,0)
691.2 (0,0,0)
691.4 (0,0,0)
691.6 (0,0,0)
691.8 (0,0,0)
692 (0,0,0)
692.2 (0,0,0)
692.4 (0,0,0)
692.6 (0,0,0)
692.8 (0,0,0)
693 (0,0,0)
693.2 (0,0,0)
693.4 (0,0,0)
693.6 (0,0,0)
693.8 (0,0,0)
694 (0,0,0)
694.2 (0,0,0)
694.4 (0,0,0)
694.6 (0,0,0)
694.8 (0,0,0)
695 (0,0,0)
695.2 (0,0,0)
695.4 (0,0,0)
695.6 (0,0,0)
695.8 (0,0,0)
696 (0,0,0)
696.2 (0,0,0)
696.4 (0,0,0)
696.6 (0,0,0)
696.8 (0,0,0)
697 (0,0,0)
697.2 (0,0,0)
697.4 (0,0,0)
697.6 (0,0,0)
697.8 (0,0,0)
698 (0,0,0)
698.2 (0,0,0)
698.4 (0,0,0)
698.6 (0,0,0)
698.8 (0,0,0)
699 (0,0,0)
699.2 (0,0,0)
699.4 (0,0,0)
699.6 (0,0,0)
699.8 (0,0,0)
700 (0,0,0)
700.2 (0,0,0)
700.4 (0,0,0)
700.6 (0,0,0)
700.8 (0,0,0)
701 (0,0,0)
701.2 (0,0,0)
701.4 (0,0,0)
701.6 (0,0,0)
701.8 (0,0,0)
702 (0,0,0)
702.2 (0,0,0)
702.4 (0,0,0)
702.6 (0,0,0)
702.8 (0,0,0)
703 (0,0,0)
703.2 (0,0,0)
703.4 (0,0,0)
703.6 (0,0,0)
703.8 (0,0,0)
704 (0,0,0)
704.2 (0,0,0)
704.4 (0,0,0)
704.6 (0,0,0)
704.8 (0,0,0)
705 (0,0,0)
705.2 (0,0,0)
705.4 (0,0,0)
705.6 (0,0,0)
705.8 (0,0,0)
706 (0,0,0)
706.2 (0,0,0)
706.4 (0,0,0)
706.6 (0,0,0)
706.8 (0,0,0)
707 (0,0,0)
707.2 (0,0,0)
707.4 (0,0,0)
707.6 (0,0,0)
707.8 (0,0,0)
708 (0,0,0)
708.2 (0,0,0)
708.4 (0,0,0)
708.6 (0,0,0)
708.8 (0,0,0)
709 (0,0,0)
709.2 (0,0,0)
709.4 (0,0,0)
709.6 (0,0,0)
709.8 (0,0,0)
710 (0,0,0)
710.2 (0,0,0)
710.4 (0,0,0)
710.6 (0,0,0)
710.8 (0,0,0)
711 (0,0,0)
711.2 (0,0,0)
711.4 (0,0,0)
711.6 (0,0,0)
711.8 (0,0,0)
712 (0,0,0)
712.2 (0,0,0)
712.4 (0,0,0)
712.6 (0,0,0)
712.8 (0,0,0)
713 (0,0,0)
713.2 (0,0,0)
713.4 (0,0,0)
713.6 (0,0,0)
713.8 (0,0,0)
714 (0,0,0)
714.2 (0,0,0)
714.4 (0,0,0)
714.6 (0,0,0)
714.8 (0,0,0)
715 (0,0,0)
715.2 (0,0,0)
715.4 (0,0,0)
715.6 (0,0,0)
715.8 (0,0,0)
716 (0,0,0)
716.2 (0,0,0)
716.4 (0,0,0)
716.6 (0,0,0)
716.8 (0,0,0)
717 (0,0,0)
717.2 (0,0,0)
717.4 (0,0,0)
717.6 (0,0,0)
717.8 (0,0,0)
718 (0,0,0)
718.2 (0,0,0)
718.4 (0,0,0)
718.6 (0,0,0)
718.8 (0,0,0)
719 (0,0,0)
719.2 (0,0,0)
719.4 (0,0,0)
719.6 (0,0,0)
719.8 (0,0,0)
720 (0,0,0)
720.2 (0,0,0)
720.4 (0,0,0)
720.6 (0,0,0)
720.8 (0,0,0)
721 (0,0,0)
721.2 (0,0,0)
721.4 (0,0,0)
721.6 (0,0,0)
721.8 (0,0,0)
722 (0,0,0)
722.2 (0,0,0)
722.4 (0,0,0)
722.6 (0,0,0)
722.8 (0,0,0)
723 (0,0,0)
723.2 (0,0,0)
723.4 (0,0,0)
723.6 (0,0,0)
723.8 (0,0,0)
724 (0,0,0)
724.2 (0,0,0)
724.4 (0,0,0)
724.6 (0,0,0)
724.8 (0,0,0)
725 (0,0,0)
725.2 (0,0,0)
725.4 (0,0,0)
725.6 (0,0,0)
725.8 (0,0,0)
726 (0,0,0)
726.2 (0,0,0)
726.4 (0,0,0)
726.6 (0,0,0)
726.8 (0,0,0)
727 (0,0,0)
727.2 (0,0,0)
727.4 (0,0,0)
727.6 (0,0,0)
727.8 (0,0,0)
728 (0,0,0)
728.2 (0,0,0)
728.4 (0,0,0)
728.6 (0,0,0)
728.8 (0,0,0)
729 (0,0,0)
729.2 (0,0,0)
729.4 (0,0,0)
729.6 (0,0,0)
729.8 (0,0,0)
730 (0,0,0)
730.2 (0,0,0)
730.4 (0,0,0)
730.6 (0,0,0)
730.8 (0,0,0)
731 (0,0,0)
731.2 (0,0,0)
731.4 (0,0,0)
731.6 (0,0,0)
731.8 (0,0,0)
732 (0,0,0)
732.2 (0,0,0)
732.4 (0,0,0)
732.6 (0,0,0)
732.8 (0,0,0)
733 (0,0,0)
733.2 (0,0,0)
733.4 (0,0,0)
733.6 (0,0,0)
733.8 (0,0,0)
734 (0,0,0)
734.2 (0,0,0)
734.4 (0,0,0)
734.6 (0,0,0)
734.8 (0,0,0)
735 (0,0,0)
735.2 (0,0,0)
735.4 (0,0,0)
735.6 (0,0,0)
735.8 (0,0,0)
736 (0,0,0)
736.2 (0,0,0)
736.4 (0,0,0)
736.6 (0,0,0)
736.8 (0,0,0)
737 (0,0,0)
737.2 (0,0,0)
737.4 (0,0,0)
737.6 (0,0,0)
737.8 (0,0,0)
738 (0,0,0)
738.2 (0,0,0)
738.4 (0,0,0)
738.6 (0,0,0)
738.8 (0,0,0)
739 (0,0,0)
739.2 (0,0,0)
739.4 (0,0,0)
739.6 (0,0,0)
739.8 (0,0,0)
740 (0,0,0)
740.2 (0,0,0)
740.4 (0,0,0)
740.6 (0,0,0)
740.8 (0,0,0)
741 (0,0,0)
741.2 (0,0,0)
741.4 (0,0,0)
741.6 (0,0,0)
741.8 (0,0,0)
742 (0,0,0)
742.2 (0,0,0)
742.4 (0,0,0)
742.6 (0,0,0)
742.8 (0,0,0)
743 (0,0,0)
743.2 (0,0,0)
743.4 (0,0,0)
743.6 (0,0,0)
743.8 (0,0,0)
744 (0,0,0)
744.2 (0,0,0)
744.4 (0,0,0)
744.6 (0,0,0)
744.8 (0,0,0)
745 (0,0,0)
745.2 (0,0,0)
745.4 (0,0,0)
745.6 (0,0,0)
745.8 (0,0,0)
746 (0,0,0)
746.2 (0,0,0)
746.4 (0,0,0)
746.6 (0,0,0)
746.8 (0,0,0)
747 (0,0,0)
747.2 (0,0,0)
747.4 (0,0,0)
747.6 (0,0,0)
747.8 (0,0,0)
748 (0,0,0)
748.2 (0,0,0)
748.4 (0,0,0)
748.6 (0,0,0)
748.8 (0,0,0)
749 (0,0,0)
749.2 (0,0,0)
749.4 (0,0,0)
749.6 (0,0,0)
749.8 (0,0,0)
750 (0,0,0)
750.2 (0,0,0)
750.4 (0,0,0)
750.6 (0,0,0)
750.8 (0,0,0)
751 (0,0,0)
751.2 (0,0,0)
751.4 (0,0,0)
751.6 (0,0,0)
751.8 (0,0,0)
752 (0,0,0)
752.2 (0,0,0)
752.4 (0,0,0)
752.6 (0,0,0)
752.8 (0,0,0)
753 (0,0,0)
753.2 (0,0,0)
753.4 (0,0,0)
753.6 (0,0,0)
753.8 (0,0,0)
754 (0,0,0)
754.2 (0,0,0)
754.4 (0,0,0)
754.6 (0,0,0)
754.8 (0,0,0)
755 (0,0,0)
755.2 (0,0,0)
755.4 (0,0,0)
755.6 (0,0,0)
755.8 (0,0,0)
756 (0,0,0)
756.2 (0,0,0)
756.4 (0,0,0)
756.6 (0,0,0)
756.8 (0,0,0)
757 (0,0,0)
757.2 (0,0,0)
757.4 (0,0,0)
757.6 (0,0,0)
757.8 (0,0,0)
758 (0,0,0)
758.2 (0,0,0)
758.4 (0,0,0)
758.6 (0,0,0)
758.8 (0,0,0)
759 (0,0,0)
759.2 (0,0,0)
759.4 (0,0,0)
759.6 (0,0,0)
759.8 (0,0,0)
760 (0,0,0)
760.2 (0,0,0)
760.4 (0,0,0)
760.6 (0,0,0)
760.8 (0,0,0)
761 (0,0,0)
761.2 (0,0,0)
761.4 (0,0,0)
761.6 (0,0,0)
761.8 (0,0,0)
762 (0,0,0)
762.2 (0,0,0)
762.4 (0,0,0)
762.6 (0,0,0)
762.8 (0,0,0)
763 (0,0,0)
763.2 (0,0,0)
763.4 (0,0,0)
763.6 (0,0,0)
763.8 (0,0,0)
764 (0,0,0)
764.2 (0,0,0)
764.4 (0,0,0)
764.6 (0,0,0)
764.8 (0,0,0)
765 (0,0,0)
765.2 (0,0,0)
765.4 (0,0,0)
765.6 (0,0,0)
765.8 (0,0,0)
766 (0,0,0)
766.2 (0,0,0)
766.4 (0,0,0)
766.6 (0,0,0)
766.8 (0,0,0)
767 (0,0,0)
767.2 (0,0,0)
767.4 (0,0,0)
767.6 (0,0,0)
767.8 (0,0,0)
768 (0,0,0)
768.2 (0,0,0)
768.4 (0,0,0)
768.6 (0,0,0)
768.8 (0,0,0)
769 (0,0,0)
769.2 (0,0,0)
769.4 (0,0,0)
769.6 (0,0,0)
769.8 (0,0,0)
770 (0,0,0)
770.2 (0,0,0)
770.4 (0,0,0)
770.6 (0,0,0)
770.8 (0,0,0)
771 (0,0,0)
771.2 (0,0,0)
771.4 (0,0,0)
771.6 (0,0,0)
771.8 (0,0,0)
772 (0,0,0)
772.2 (0,0,0)
772.4 (0,0,0)
772.6 (0,0,0)
772.8 (0,0,0)
773 (0,0,0)
773.2 (0,0,0)
773.4 (0,0,0)
773.6 (0,0,0)
773.8 (0,0,0)
774 (0,0,0)
774.2 (0,0,0)
774.4 (0,0,0)
774.6 (0,0,0)
774.8 (0,0,0)
775 (0,0,0)
775.2 (0,0,0)
775.4 (0,0,0)
775.6 (0,0,0)
775.8 (0,0,0)
776 (0,0,0)
776.2 (0,0,0)
776.4 (0,0,0)
776.6 (0,0,0)
776.8 (0,0,0)
777 (0,0,0)
777.2 (0,0,0)
777.4 (0,0,0)
777.6 (0,0,0)
777.8 (0,0,0)
778 (0,0,0)
778.2 (0,0,0)
778.4 (0,0,0)
778.6 (0,0,0)
778.8 (0,0,0)
779 (0,0,0)
779.2 (0,0,0)
779.4 (0,0,0)
779.6 (0,0,0)
779.8 (0,0,0)
780 (0,0,0)
780.2 (0,0,0)
780.4 (0,0,0)
780.6 (0,0,0)
780.8 (0,0,0)
781 (0,0,0)
781.2 (0,0,0)
781.4 (0,0,0)
781.6 (0,0,0)
781.8 (0,0,0)
782 (0,0,0)
782.2 (0,0,0)
782.4 (0,0,0)
782.6 (0,0,0)
782.8 (0,0,0)
783 (0,0,0)
783.2 (0,0,0)
783.4 (0,0,0)
783.6 (0,0,0)
783.8 (0,0,0)
784 (0,0,0)
784.2 (0,0,0)
784.4 (0,0,0)
784.6 (0,0,0)
784.8 (0,0,0)
785 (0,0,0)
785.2 (0,0,0)
785.4 (0,0,0)
785.6 (0,0,0)
785.8 (0,0,0)
786 (0,0,0)
786.2 (0,0,0)
786.4 (0,0,0)
786.6 (0,0,0)
786.8 (0,0,0)
787 (0,0,0)
787.2 (0,0,0)
787.4 (0,0,0)
787.6 (0,0,0)
787.8 (0,0,0)
788 (0,0,0)
788.2 (0,0,0)
788.4 (0,0,0)
788.6 (0,0,0)
788.8 (0,0,0)
789 (0,0,0)
789.2 (0,0,0)
789.4 (0,0,0)
789.6 (0,0,0)
789.8 (0,0,0)
790 (0,0,0)
790.2 (0,0,0)
790.4 (0,0,0)
790.6 (0,0,0)
790.8 (0,0,0)
791 (0,0,0)
791.2 (0,0,0)
791.4 (0,0,0)
791.6 (0,0,0)
791.8 (0,0,0)
792 (0,0,0)
792.2 (0,0,0)
792.4 (0,0,0)
792.6 (0,0,0)
792.8 (0,0,0)
793 (0,0,0)
793.2 (0,0,0)
793.4 (0,0,0)
793.6 (0,0,0)
793.8 (0,0,0)
794 (0,0,0)
794.2 (0,0,0)
794.4 (0,0,0)
794.6 (0,0,0)
794.8 (0,0,0)
795 (0,0,0)
795.2 (0,0,0)
795.4 (0,0,0)
795.6 (0,0,0)
795.8 (0,0,0)
796 (0,0,0)
796.2 (0,0,0)
796.4 (0,0,0)
796.6 (0,0,0)
796.8 (0,0,0)
797 (0,0,0)
797.2 (0,0,0)
797.4 (0,0,0)
797.6 (0,0,0)
797.8 (0,0,0)
798 (0,0,0)
798.2 (0,0,0)
798.4 (0,0,0)
798.6 (0,0,0)
798.8 (0,0,0)
799 (0,0,0)
799.2 (0,0,0)
799.4 (0,0,0)
799.6 (0,0,0)
799.8 (0,0,0)
800 (0,0,0)
800.2 (0,0,0)
800.4 (0,0,0)
800.6 (0,0,0)
800.8 (0,0,0)
801 (0,0,0)
801.2 (0,0,0)
801.4 (0,0,0)
801.6 (0,0,0)
801.8 (0,0,0)
802 (0,0,0)
802.2 (0,0,0)
802.4 (0,0,0)
802.6 (0,0,0)
802.8 (0,0,0)
803 (0,0,0)
803.2 (0,0,0)
803.4 (0,0,0)
803.6 (0,0,0)
803.8 (0,0,0)
804 (0,0,0)
804.2 (0,0,0)
804.4 (0,0,0)
804.6 (0,0,0)
804.8 (0,0,0)
805 (0,0,0)
805.2 (0,0,0)
805.4 (0,0,0)
805.6 (0,0,0)
805.8 (0,0,0)
806 (0,0,0)
806.2 (0,0,0)
806.4 (0,0,0)
806.6 (0,0,0)
806.8 (0,0,0)
807 (0,0,0)
807.2 (0,0,0)
807.4 (0,0,0)
807.6 (0,0,0)
807.8 (0,0,0)
808 (0,0,0)
808.2 (0,0,0)
808.4 (0,0,0)
808.6 (0,0,0)
808.8 (0,0,0)
809 (0,0,0)
809.2 (0,0,0)
809.4 (0,0,0)
809.6 (0,0,0)
809.8 (0,0,0)
810 (0,0,0)
810.2 (0,0,0)
810.4 (0,0,0)
810.6 (0,0,0)
810.8 (0,0,0)
811 (0,0,0)
811.2 (0,0,0)
811.4 (0,0,0)
811.6 (0,0,0)
811.8 (0,0,0)
812 (0,0,0)
812.2 (0,0,0)
812.4 (0,0,0)
812.6 (0,0,0)
812.8 (0,0,0)
813 (0,0,0)
813.2 (0,0,0)
813.4 (0,0,0)
813.6 (0,0,0)
813.8 (0,0,0)
814 (0,0,0)
814.2 (0,0,0)
814.4 (0,0,0)
814.6 (0,0,0)
814.8 (0,0,0)
815 (0,0,0)
815.2 (0,0,0)
815.4 (0,0,0)
815.6 (0,0,0)
815.8 (0,0,0)
816 (0,0,0)
816.2 (0,0,0)
816.4 (0,0,0)
816.6 (0,0,0)
816.8 (0,0,0)
817 (0,0,0)
817.2 (0,0,0)
817.4 (0,0,0)
817.6 (0,0,0)
817.8 (0,0,0)
818 (0,0,0)
818.2 (0,0,0)
818.4 (0,0,0)
818.6 (0,0,0)
818.8 (0,0,0)
819 (0,0,0)
819.2 (0,0,0)
819.4 (0,0,0)
819.6 (0,0,0)
819.8 (0,0,0)
820 (0,0,0)
820.2 (0,0,0)
820.4 (0,0,0)
820.6 (0,0,0)
820.8 (0,0,0)
821 (0,0,0)
821.2 (0,0,0)
821.4 (0,0,0)
821.6 (0,0,0)
821.8 (0,0,0)
822 (0,0,0)
822.2 (0,0,0)
822.4 (0,0,0)
822.6 (0,0,0)
822.8 (0,0,0)
823 (0,0,0)
823.2 (0,0,0)
823.4 (0,0,0)
823.6 (0,0,0)
823.8 (0,0,0)
824 (0,0,0)
824.2 (0,0,0)
824.4 (0,0,0)
824.6 (0,0,0)
824.8 (0,0,0)
825 (0,0,0)
825.2 (0,0,0)
825.4 (0,0,0)
825.6 (0,0,0)
825.8 (0,0,0)
826 (0,0,0)
826.2 (0,0,0)
826.4 (0,0,0)
826.6 (0,0,0)
826.8 (0,0,0)
827 (0,0,0)
827.2 (0,0,0)
827.4 (0,0,0)
827.6 (0,0,0)
827.8 (0,0,0)
828 (0,0,0)
828.2 (0,0,0)
828.4 (0,0,0)
828.6 (0,0,0)
828.8 (0,0,0)
829 (0,0,0)
829.2 (0,0,0)
829.4 (0,0,0)
829.6 (0,0,0)
829.8 (0,0,0)
830 (0,0,0)
830.2 (0,0,0)
830.4 (0,0,0)
830.6 (0,0,0)
830.8 (0,0,0)
831 (0,0,0)
831.2 (0,0,0)
831.4 (0,0,0)
831.6 (0,0,0)
831.8 (0,0,0)
832 (0,0,0)
832.2 (0,0,0)
832.4 (0,0,0)
832.6 (0,0,0)
832.8 (0,0,0)
833 (0,0,0)
833.2 (0,0,0)
833.4 (0,0,0)
833.6 (0,0,0)
833.8 (0,0,0)
834 (0,0,0)
834.2 (0,0,0)
834.4 (0,0,0)
834.6 (0,0,0)
834.8 (0,0,0)
835 (0,0,0)
835.2 (0,0,0)
835.4 (0,0,0)
835.6 (0,0,0)
835.8 (0,0,0)
836 (0,0,0)
836.2 (0,0,0)
836.4 (0,0,0)
836.6 (0,0,0)
836.8 (0,0,0)
837 (0,0,0)
837.2 (0,0,0)
837.4 (0,0,0)
837.6 (0,0,0)
837.8 (0,0,0)
838 (0,0,0)
838.2 (0,0,0)
838.4 (0,0,0)
838.6 (0,0,0)
838.8 (0,0,0)
839 (0,0,0)
839.2 (0,0,0)
839.4 (0,0,0)
839.6 (0,0,0)
839.8 (0,0,0)
840 (0,0,0)
840.2 (0,0,0)
840.4 (0,0,0)
840.6 (0,0,0)
840.8 (0,0,0)
841 (0,0,0)
841.2 (0,0,0)
841.4 (0,0,0)
841.6 (0,0,0)
841.8 (0,0,0)
842 (0,0,0)
842.2 (0,0,0)
842.4 (0,0,0)
842.6 (0,0,0)
842.8 (0,0,0)
843 (0,0,0)
843.2 (0,0,0)
843.4 (0,0,0)
843.6 (0,0,0)
843.8 (0,0,0)
844 (0,0,0)
844.2 (0,0,0)
844.4 (0,0,0)
844.6 (0,0,0)
844.8 (0,0,0)
845 (0,0,0)
845.2 (0,0,0)
845.4 (0,0,0)
845.6 (0,0,0)
845.8 (0,0,0)
846 (0,0,0)
846.2 (0,0,0)
846.4 (0,0,0)
846.6 (0,0,0)
846.8 (0,0,0)
847 (0,0,0)
847.2 (0,0,0)
847.4 (0,0,0)
847.6 (0,0,0)
847.8 (0,0,0)
848 (0,0,0)
848.2 (0,0,0)
848.4 (0,0,0)
848.6 (0,0,0)
848.8 (0,0,0)
849 (0,0,0)
849.2 (0,0,0)
849.4 (0,0,0)
849.6 (0,0,0)
849.8 (0,0,0)
850 (0,0,0)
850.2 (0,0,0)
850.4 (0,0,0)
850.6 (0,0,0)
850.8 (0,0,0)
851 (0,0,0)
851.2 (0,0,0)
851.4 (0,0,0)
851.6 (0,0,0)
851.8 (0,0,0)
852 (0,0,0)
852.2 (0,0,0)
852.4 (0,0,0)
852.6 (0,0,0)
852.8 (0,0,0)
853 (0,0,0)
853.2 (0,0,0)
853.4 (0,0,0)
853.6 (0,0,0)
853.8 (0,0,0)
854 (0,0,0)
854.2 (0,0,0)
854.4 (0,0,0)
854.6 (0,0,0)
854.8 (0,0,0)
855 (0,0,0)
855.2 (0,0,0)
855.4 (0,0,0)
855.6 (0,0,0)
855.8 (0,0,0)
856 (0,0,0)
856.2 (0,0,0)
856.4 (0,0,0)
856.6 (0,0,0)
856.8 (0,0,0)
857 (0,0,0)
857.2 (0,0,0)
857.4 (0,0,0)
857.6 (0,0,0)
857.8 (0,0,0)
858 (0,0,0)
858.2 (0,0,0)
858.4 (0,0,0)
858.6 (0,0,0)
858.8 (0,0,0)
859 (0,0,0)
859.2 (0,0,0)
859.4 (0,0,0)
859.6 (0,0,0)
859.8 (0,0,0)
860 (0,0,0)
860.2 (0,0,0)
860.4 (0,0,0)
860.6 (0,0,0)
860.8 (0,0,0)
861 (0,0,0)
861.2 (0,0,0)
861.4 (0,0,0)
861.6 (0,0,0)
861.8 (0,0,0)
862 (0,0,0)
862.2 (0,0,0)
862.4 (0,0,0)
862.6 (0,0,0)
862.8 (0,0,0)
863 (0,0,0)
863.2 (0,0,0)
863.4 (0,0,0)
863.6 (0,0,0)
863.8 (0,0,0)
864 (0,0,0)
864.2 (0,0,0)
864.4 (0,0,0)
864.6 (0,0,0)
864.8 (0,0,0)
865 (0,0,0)
865.2 (0,0,0)
865.4 (0,0,0)
865.6 (0,0,0)
865.8 (0,0,0)
866 (0,0,0)
866.2 (0,0,0)
866.4 (0,0,0)
866.6 (0,0,0)
866.8 (0,0,0)
867 (0,0,0)
867.2 (0,0,0)
867.4 (0,0,0)
867.6 (0,0,0)
867.8 (0,0,0)
868 (0,0,0)
868.2 (0,0,0)
868.4 (0,0,0)
868.6 (0,0,0)
868.8 (0,0,0)
869 (0,0,0)
869.2 (0,0,0)
869.4 (0,0,0)
869.6 (0,0,0)
869.8 (0,0,0)
870 (0,0,0)
870.2 (0,0,0)
870.4 (0,0,0)
870.6 (0,0,0)
870.8 (0,0,0)
871 (0,0,0)
871.2 (0,0,0)
871.4 (0,0,0)
871.6 (0,0,0)
871.8 (0,0,0)
872 (0,0,0)
872.2 (0,0,0)
872.4 (0,0,0)
872.6 (0,0,0)
872.8 (0,0,0)
873 (0,0,0)
873.2 (0,0,0)
873.4 (0,0,0)
873.6 (0,0,0)
873.8 (0,0,0)
874 (0,0,0)
874.2 (0,0,0)
874.4 (0,0,0)
874.6 (0,0,0)
874.8 (0,0,0)
875 (0,0,0)
875.2 (0,0,0)
875.4 (0,0,0)
875.6 (0,0,0)
875.8 (0,0,0)
876 (0,0,0)
876.2 (0,0,0)
876.4 (0,0,0)
876.6 (0,0,0)
876.8 (0,0,0)
877 (0,0,0)
877.2 (0,0,0)
877.4 (0,0,0)
877.6 (0,0,0)
877.8 (0,0,0)
878 (0,0,0)
878.2 (0,0,0)
878.4 (0,0,0)
878.6 (0,0,0)
878.8 (0,0,0)
879 (0,0,0)
879.2 (0,0,0)
879.4 (0,0,0)
879.6 (0,0,0)
879.8 (0,0,0)
880 (0,0,0)
880.2 (0,0,0)
880.4 (0,0,0)
880.6 (0,0,0)
880.8 (0,0,0)
881 (0,0,0)
881.2 (0,0,0)
881.4 (0,0,0)
881.6 (0,0,0)
881.8 (0,0,0)
882 (0,0,0)
882.2 (0,0,0)
882.4 (0,0,0)
882.6 (0,0,0)
882.8 (0,0,0)
883 (0,0,0)
883.2 (0,0,0)
883.4 (0,0,0)
883.6 (0,0,0)
883.8 (0,0,0)
884 (0,0,0)
884.2 (0,0,0)
884.4 (0,0,0)
884.6 (0,0,0)
884.8 (0,0,0)
885 (0,0,0)
885.2 (0,0,0)
885.4 (0,0,0)
885.6 (0,0,0)
885.8 (0,0,0)
886 (0,0,0)
886.2 (0,0,0)
886.4 (0,0,0)
886.6 (0,0,0)
886.8 (0,0,0)
887 (0,0,0)
887.2 (0,0,0)
887.4 (0,0,0)
887.6 (0,0,0)
887.8 (0,0,0)
888 (0,0,0)
888.2 (0,0,0)
888.4 (0,0,0)
888.6 (0,0,0)
888.8 (0,0,0)
889 (0,0,0)
889.2 (0,0,0)
889.4 (0,0,0)
889.6 (0,0,0)
889.8 (0,0,0)
890 (0,0,0)
890.2 (0,0,0)
890.4 (0,0,0)
890.6 (0,0,0)
890.8 (0,0,0)
891 (0,0,0)
891.2 (0,0,0)
891.4 (0,0,0)
891.6 (0,0,0)
891.8 (0,0,0)
892 (0,0,0)
892.2 (0,0,0)
892.4 (0,0,0)
892.6 (0,0,0)
892.8 (0,0,0)
893 (0,0,0)
893.2 (0,0,0)
893.4 (0,0,0)
893.6 (0,0,0)
893.8 (0,0,0)
894 (0,0,0)
894.2 (0,0,0)
894.4 (0,0,0)
894.6 (0,0,0)
894.8 (0,0,0)
895 (0,0,0)
895.2 (0,0,0)
895.4 (0,0,0)
895.6 (0,0,0)
895.8 (0,0,0)
896 (0,0,0)
896.2 (0,0,0)
896.4 (0,0,0)
896.6 (0,0,0)
