# The energy threshold above which the kinetic energy of a charged particle should be to take part in the electrical field calculations is 0.1 MeV
# time (ns)	electric field (V/m)
# Antenna 0 at (0m, -90m, 10m) (Geant4 coordinates)
486 (0,0,0)
486.2 (0,0,0)
486.4 (0,0,0)
486.6 (0,0,0)
486.8 (0,0,0)
487 (0,0,0)
487.2 (0,0,0)
487.4 (0,0,0)
487.6 (0,0,0)
487.8 (0,0,0)
488 (0,0,0)
488.2 (0,0,0)
488.4 (0,0,0)
488.6 (0,0,0)
488.8 (0,0,0)
489 (0,0,0)
489.2 (0,0,0)
489.4 (0,0,0)
489.6 (0,0,0)
489.8 (0,0,0)
490 (0,0,0)
490.2 (0,0,0)
490.4 (0,0,0)
490.6 (0,0,0)
490.8 (0,0,0)
491 (0,0,0)
491.2 (0,0,0)
491.4 (0,0,0)
491.6 (0,0,0)
491.8 (0,0,0)
492 (0,0,0)
492.2 (0,0,0)
492.4 (0,0,0)
492.6 (0,0,0)
492.8 (0,0,0)
493 (0,0,0)
493.2 (0,0,0)
493.4 (0,0,0)
493.6 (0,0,0)
493.8 (0,0,0)
494 (0,0,0)
494.2 (0,0,0)
494.4 (0,0,0)
494.6 (0,0,0)
494.8 (0,0,0)
495 (0,0,0)
495.2 (0,0,0)
495.4 (0,0,0)
495.6 (0,0,0)
495.8 (0,0,0)
496 (0,0,0)
496.2 (0,0,0)
496.4 (0,0,0)
496.6 (0,0,0)
496.8 (0,0,0)
497 (0,0,0)
497.2 (0,0,0)
497.4 (0,0,0)
497.6 (0,0,0)
497.8 (0,0,0)
498 (0,0,0)
498.2 (0,0,0)
498.4 (0,0,0)
498.6 (0,0,0)
498.8 (0,0,0)
499 (0,0,0)
499.2 (0,0,0)
499.4 (0,0,0)
499.6 (0,0,0)
499.8 (0,0,0)
500 (0,0,0)
500.2 (0,0,0)
500.4 (0,0,0)
500.6 (0,0,0)
500.8 (0,0,0)
501 (0,0,0)
501.2 (0,0,0)
501.4 (0,0,0)
501.6 (0,0,0)
501.8 (0,0,0)
502 (0,0,0)
502.2 (0,0,0)
502.4 (0,0,0)
502.6 (0,0,0)
502.8 (0,0,0)
503 (0,0,0)
503.2 (0,0,0)
503.4 (0,0,0)
503.6 (0,0,0)
503.8 (0,0,0)
504 (0,0,0)
504.2 (0,0,0)
504.4 (0,0,0)
504.6 (0,0,0)
504.8 (0,0,0)
505 (0,0,0)
505.2 (0,0,0)
505.4 (0,0,0)
505.6 (0,0,0)
505.8 (0,0,0)
506 (-1.27026927306154e-11,4.31148167374373e-13,3.02520956494543e-12)
506.2 (1.43953674030517e-11,-2.37083754612976e-13,-3.19546686956262e-12)
506.4 (-5.75636918149211e-10,-1.37986958967818e-12,-1.31947916790452e-11)
506.6 (5.34505763786277e-10,-1.31823908563381e-11,-1.28375888425741e-10)
506.8 (-8.81858092057445e-10,2.13641272274941e-10,1.90924788020717e-09)
507 (9.18150880567743e-10,-1.97694924117621e-10,-1.76853489939446e-09)
507.2 (-4.51777336917619e-15,2.78684731366854e-15,2.79416929011562e-15)
507.4 (4.01642359143466e-09,-3.82192222457118e-10,-3.76893878561626e-09)
507.6 (-4.0092566305927e-09,3.82130828651082e-10,3.77882319465565e-09)
507.8 (0,0,0)
508 (0,0,0)
508.2 (0,0,0)
508.4 (-6.86195760990599e-11,-4.71336564305859e-12,-4.95532320062057e-11)
508.6 (2.766714336851e-11,8.88690482325225e-12,8.87084898022366e-11)
508.8 (1.39620348306401e-09,-5.46339188430949e-12,2.28707150253555e-11)
509 (-1.22907996913369e-09,5.51985643992793e-12,-3.33602427134715e-11)
509.2 (-1.14374988947668e-10,-3.60216698792501e-12,-4.16655641382575e-11)
509.4 (2.63229410084691e-13,2.67482886936223e-13,1.29225409648571e-12)
509.6 (-6.44007502295293e-10,5.26620471170236e-10,5.33707413614029e-09)
509.8 (5.64261527220834e-10,-5.38049992092105e-10,-5.47182658923259e-09)
510 (5.52839387049487e-09,2.58164918832036e-11,2.42992269328529e-10)
510.2 (-5.61463418329056e-09,2.89293372192398e-11,2.91727260415066e-10)
510.4 (-6.26171717617765e-11,-2.66455270506999e-11,-2.5353385996938e-10)
510.6 (7.35151906654732e-10,1.16310538850217e-10,1.22334748760119e-09)
510.8 (-2.66251538425036e-10,-1.28565980183752e-10,-1.38192728178499e-09)
511 (6.43722107626171e-10,3.71788313719426e-10,3.67453806884085e-09)
511.2 (-1.23485603681487e-09,-3.1228899043076e-10,-3.01010774075173e-09)
511.4 (-4.16670740011831e-10,6.18712898398518e-11,5.5553126979734e-10)
511.6 (9.29415863306319e-10,-1.48431455945377e-10,-1.49412717609714e-09)
511.8 (1.38364752078595e-10,7.73042328544876e-11,6.89212982101966e-10)
512 (-7.74781347110496e-10,-4.72825143786577e-11,-5.10055071476573e-10)
512.2 (-1.01903614854297e-10,6.97442205677515e-12,9.11799160279602e-11)
512.4 (-2.59097614321596e-10,1.5049199305864e-10,1.42940513875273e-09)
512.6 (8.42366352210203e-10,-3.94294489724468e-12,9.82062008157422e-11)
512.8 (-4.32771957466505e-10,-2.18943434700305e-10,-2.40996293787645e-09)
513 (4.17809095735037e-10,3.90067621954097e-11,5.20836496802253e-10)
513.2 (5.74375324566e-10,1.99174429616062e-11,1.76892336933686e-10)
513.4 (-6.65617235646851e-10,1.59040641307409e-10,1.56720305598492e-09)
513.6 (4.431315935029e-09,-7.55621078118655e-11,-7.83789928837426e-10)
513.8 (-4.16767089094713e-09,-5.33059727644962e-11,-5.63460154550089e-10)
514 (-2.38224896704977e-10,1.2974595287964e-12,1.62614290538728e-12)
514.2 (3.13456539763719e-10,1.9455812285076e-10,2.07181325678452e-09)
514.4 (-2.61439514432891e-09,-2.49157603660044e-10,-2.8746357675791e-09)
514.6 (1.7866616880769e-09,3.77926130305144e-11,5.43870882048184e-10)
514.8 (-1.16583320061594e-09,1.07166542682709e-10,1.05738559454135e-09)
515 (3.30811580535458e-09,4.12702780647273e-11,5.41180235109408e-10)
515.2 (-2.53685717715466e-09,1.02362359933474e-10,9.99829830845203e-10)
515.4 (3.73332880819248e-09,3.34382708844059e-10,3.89381578141999e-09)
515.6 (-4.70821019869344e-09,-4.75921388574711e-10,-5.52113507972674e-09)
515.8 (-3.27956022555665e-09,5.60715194833997e-10,5.76495653819265e-09)
516 (2.52085965214916e-09,-4.8519804979897e-10,-5.46489405785893e-09)
516.2 (7.97226597282418e-09,-5.84706558006002e-10,-6.25513355091664e-09)
516.4 (-5.20535803395634e-09,8.25026441098572e-10,9.19461338114266e-09)
516.6 (-8.8941042750144e-10,2.44183658745182e-10,2.68491596818607e-09)
516.8 (-3.00857343557875e-09,-3.73644383765926e-10,-3.98752166350306e-09)
517 (5.15447480940718e-09,9.98169267217899e-11,1.08107947664236e-09)
517.2 (4.30446487753609e-10,6.15044611780304e-10,6.3216570816109e-09)
517.4 (-2.80914787018214e-10,-6.00367534408316e-11,-6.63746944827687e-10)
517.6 (3.83569015902688e-10,4.37578184683166e-11,3.98192821429345e-10)
517.8 (-9.96246181806938e-10,1.01754317419805e-10,1.11892485109642e-09)
518 (1.20630503624789e-09,-9.21622625124403e-11,-9.91821576706846e-10)
518.2 (5.98366427868951e-10,1.44720964017898e-10,1.54392029100534e-09)
518.4 (4.52091499906496e-10,2.66586700619949e-10,2.92715038688439e-09)
518.6 (-9.45329646862369e-10,-1.53972140191705e-11,-2.16213392793852e-10)
518.8 (1.0898794496992e-12,-4.27807654434801e-11,-4.32487187178291e-10)
519 (1.9864756496755e-10,-1.25804281692885e-12,-5.22870859778714e-12)
519.2 (1.57652149804625e-11,-8.23922192854252e-12,-8.06287193581927e-11)
519.4 (-2.08290172060811e-15,2.16307487372878e-15,-6.08143461698377e-15)
519.6 (0,0,0)
519.8 (0,0,0)
520 (0,0,0)
520.2 (6.4191778308079e-16,3.13508730124914e-16,-1.37788144762804e-15)
520.4 (0,0,0)
520.6 (0,0,0)
520.8 (0,0,0)
521 (0,0,0)
521.2 (0,0,0)
521.4 (0,0,0)
521.6 (-7.28391012155288e-15,5.41303698994455e-15,-9.42860397432329e-15)
521.8 (-2.65046864009918e-14,5.94337408237032e-15,2.79966401568361e-15)
522 (0,0,0)
522.2 (-1.19075026027119e-14,4.89205439626648e-16,-2.96697099067909e-14)
522.4 (0,0,0)
522.6 (-1.36709978728349e-13,5.59905693330855e-14,1.78010328232952e-13)
522.8 (0,0,0)
523 (2.64394365120269e-13,3.37380005965557e-13,-2.25156796462479e-13)
523.2 (0,0,0)
523.4 (0,0,0)
523.6 (0,0,0)
523.8 (0,0,0)
524 (0,0,0)
524.2 (0,0,0)
524.4 (0,0,0)
524.6 (0,0,0)
524.8 (0,0,0)
525 (0,0,0)
525.2 (0,0,0)
525.4 (0,0,0)
525.6 (0,0,0)
525.8 (0,0,0)
526 (0,0,0)
526.2 (0,0,0)
526.4 (0,0,0)
526.6 (0,0,0)
526.8 (0,0,0)
527 (0,0,0)
527.2 (0,0,0)
527.4 (0,0,0)
527.6 (0,0,0)
527.8 (0,0,0)
528 (0,0,0)
528.2 (0,0,0)
528.4 (0,0,0)
528.6 (0,0,0)
528.8 (0,0,0)
529 (0,0,0)
529.2 (0,0,0)
529.4 (0,0,0)
529.6 (0,0,0)
529.8 (0,0,0)
530 (0,0,0)
530.2 (0,0,0)
530.4 (0,0,0)
530.6 (0,0,0)
530.8 (0,0,0)
531 (0,0,0)
531.2 (0,0,0)
531.4 (0,0,0)
531.6 (0,0,0)
531.8 (0,0,0)
532 (0,0,0)
532.2 (0,0,0)
532.4 (0,0,0)
532.6 (0,0,0)
532.8 (0,0,0)
533 (0,0,0)
533.2 (0,0,0)
533.4 (0,0,0)
533.6 (0,0,0)
533.8 (0,0,0)
534 (0,0,0)
534.2 (0,0,0)
534.4 (0,0,0)
534.6 (0,0,0)
534.8 (0,0,0)
535 (0,0,0)
535.2 (0,0,0)
535.4 (0,0,0)
535.6 (0,0,0)
535.8 (0,0,0)
536 (0,0,0)
536.2 (0,0,0)
536.4 (0,0,0)
536.6 (0,0,0)
536.8 (0,0,0)
537 (0,0,0)
537.2 (0,0,0)
537.4 (0,0,0)
537.6 (0,0,0)
537.8 (0,0,0)
538 (0,0,0)
538.2 (0,0,0)
538.4 (0,0,0)
538.6 (0,0,0)
538.8 (0,0,0)
539 (0,0,0)
539.2 (0,0,0)
539.4 (0,0,0)
539.6 (0,0,0)
539.8 (0,0,0)
540 (0,0,0)
540.2 (0,0,0)
540.4 (0,0,0)
540.6 (0,0,0)
540.8 (0,0,0)
541 (0,0,0)
541.2 (0,0,0)
541.4 (0,0,0)
541.6 (0,0,0)
541.8 (0,0,0)
542 (0,0,0)
542.2 (0,0,0)
542.4 (0,0,0)
542.6 (0,0,0)
542.8 (0,0,0)
543 (0,0,0)
543.2 (0,0,0)
543.4 (0,0,0)
543.6 (0,0,0)
543.8 (0,0,0)
544 (0,0,0)
544.2 (0,0,0)
544.4 (0,0,0)
544.6 (0,0,0)
544.8 (0,0,0)
545 (0,0,0)
545.2 (0,0,0)
545.4 (0,0,0)
545.6 (0,0,0)
545.8 (0,0,0)
546 (0,0,0)
546.2 (0,0,0)
546.4 (0,0,0)
546.6 (0,0,0)
546.8 (0,0,0)
547 (0,0,0)
547.2 (0,0,0)
547.4 (0,0,0)
547.6 (0,0,0)
547.8 (0,0,0)
548 (0,0,0)
548.2 (0,0,0)
548.4 (0,0,0)
548.6 (0,0,0)
548.8 (0,0,0)
549 (0,0,0)
549.2 (0,0,0)
549.4 (0,0,0)
549.6 (0,0,0)
549.8 (0,0,0)
550 (0,0,0)
550.2 (0,0,0)
550.4 (0,0,0)
550.6 (0,0,0)
550.8 (0,0,0)
551 (0,0,0)
551.2 (0,0,0)
551.4 (0,0,0)
551.6 (0,0,0)
551.8 (0,0,0)
552 (0,0,0)
552.2 (0,0,0)
552.4 (0,0,0)
552.6 (0,0,0)
552.8 (0,0,0)
553 (0,0,0)
553.2 (0,0,0)
553.4 (0,0,0)
553.6 (0,0,0)
553.8 (0,0,0)
554 (0,0,0)
554.2 (0,0,0)
554.4 (0,0,0)
554.6 (0,0,0)
554.8 (0,0,0)
555 (0,0,0)
555.2 (0,0,0)
555.4 (0,0,0)
555.6 (0,0,0)
555.8 (0,0,0)
556 (0,0,0)
556.2 (0,0,0)
556.4 (0,0,0)
556.6 (0,0,0)
556.8 (0,0,0)
557 (0,0,0)
557.2 (0,0,0)
557.4 (0,0,0)
557.6 (0,0,0)
557.8 (0,0,0)
558 (0,0,0)
558.2 (0,0,0)
558.4 (0,0,0)
558.6 (0,0,0)
558.8 (0,0,0)
559 (0,0,0)
559.2 (0,0,0)
559.4 (0,0,0)
559.6 (0,0,0)
559.8 (0,0,0)
560 (0,0,0)
560.2 (0,0,0)
560.4 (0,0,0)
560.6 (0,0,0)
560.8 (0,0,0)
561 (0,0,0)
561.2 (0,0,0)
561.4 (0,0,0)
561.6 (0,0,0)
561.8 (0,0,0)
562 (0,0,0)
562.2 (0,0,0)
562.4 (0,0,0)
562.6 (0,0,0)
562.8 (0,0,0)
563 (0,0,0)
563.2 (0,0,0)
563.4 (0,0,0)
563.6 (0,0,0)
563.8 (0,0,0)
564 (0,0,0)
564.2 (0,0,0)
564.4 (0,0,0)
564.6 (0,0,0)
564.8 (0,0,0)
565 (0,0,0)
565.2 (0,0,0)
565.4 (0,0,0)
565.6 (0,0,0)
565.8 (0,0,0)
566 (0,0,0)
566.2 (0,0,0)
566.4 (0,0,0)
566.6 (0,0,0)
566.8 (0,0,0)
567 (0,0,0)
567.2 (0,0,0)
567.4 (0,0,0)
567.6 (0,0,0)
567.8 (0,0,0)
568 (0,0,0)
568.2 (0,0,0)
568.4 (0,0,0)
568.6 (0,0,0)
568.8 (0,0,0)
569 (0,0,0)
569.2 (0,0,0)
569.4 (0,0,0)
569.6 (0,0,0)
569.8 (0,0,0)
570 (0,0,0)
570.2 (0,0,0)
570.4 (0,0,0)
570.6 (0,0,0)
570.8 (0,0,0)
571 (0,0,0)
571.2 (0,0,0)
571.4 (0,0,0)
571.6 (0,0,0)
571.8 (0,0,0)
572 (0,0,0)
572.2 (0,0,0)
572.4 (0,0,0)
572.6 (0,0,0)
572.8 (0,0,0)
573 (0,0,0)
573.2 (0,0,0)
573.4 (0,0,0)
573.6 (0,0,0)
573.8 (0,0,0)
574 (0,0,0)
574.2 (0,0,0)
574.4 (0,0,0)
574.6 (0,0,0)
574.8 (0,0,0)
575 (0,0,0)
575.2 (0,0,0)
575.4 (0,0,0)
575.6 (0,0,0)
575.8 (0,0,0)
576 (0,0,0)
576.2 (0,0,0)
576.4 (0,0,0)
576.6 (0,0,0)
576.8 (0,0,0)
577 (0,0,0)
577.2 (0,0,0)
577.4 (0,0,0)
577.6 (0,0,0)
577.8 (0,0,0)
578 (0,0,0)
578.2 (0,0,0)
578.4 (0,0,0)
578.6 (0,0,0)
578.8 (0,0,0)
579 (0,0,0)
579.2 (0,0,0)
579.4 (0,0,0)
579.6 (0,0,0)
579.8 (0,0,0)
580 (0,0,0)
580.2 (0,0,0)
580.4 (0,0,0)
580.6 (0,0,0)
580.8 (0,0,0)
581 (0,0,0)
581.2 (0,0,0)
581.4 (0,0,0)
581.6 (0,0,0)
581.8 (0,0,0)
582 (0,0,0)
582.2 (0,0,0)
582.4 (0,0,0)
582.6 (0,0,0)
582.8 (0,0,0)
583 (0,0,0)
583.2 (0,0,0)
583.4 (0,0,0)
583.6 (0,0,0)
583.8 (0,0,0)
584 (0,0,0)
584.2 (0,0,0)
584.4 (0,0,0)
584.6 (0,0,0)
584.8 (0,0,0)
585 (0,0,0)
585.2 (0,0,0)
585.4 (0,0,0)
585.6 (0,0,0)
585.8 (0,0,0)
586 (0,0,0)
586.2 (0,0,0)
586.4 (0,0,0)
586.6 (0,0,0)
586.8 (0,0,0)
587 (0,0,0)
587.2 (0,0,0)
587.4 (0,0,0)
587.6 (0,0,0)
587.8 (0,0,0)
588 (0,0,0)
588.2 (0,0,0)
588.4 (0,0,0)
588.6 (0,0,0)
588.8 (0,0,0)
589 (0,0,0)
589.2 (0,0,0)
589.4 (0,0,0)
589.6 (0,0,0)
589.8 (0,0,0)
590 (0,0,0)
590.2 (0,0,0)
590.4 (0,0,0)
590.6 (0,0,0)
590.8 (0,0,0)
591 (0,0,0)
591.2 (0,0,0)
591.4 (0,0,0)
591.6 (0,0,0)
591.8 (0,0,0)
592 (0,0,0)
592.2 (0,0,0)
592.4 (0,0,0)
592.6 (0,0,0)
592.8 (0,0,0)
593 (0,0,0)
593.2 (0,0,0)
593.4 (0,0,0)
593.6 (0,0,0)
593.8 (0,0,0)
594 (0,0,0)
594.2 (0,0,0)
594.4 (0,0,0)
594.6 (0,0,0)
594.8 (0,0,0)
595 (0,0,0)
595.2 (0,0,0)
595.4 (0,0,0)
595.6 (0,0,0)
595.8 (0,0,0)
596 (0,0,0)
596.2 (0,0,0)
596.4 (0,0,0)
596.6 (0,0,0)
596.8 (0,0,0)
597 (0,0,0)
597.2 (0,0,0)
597.4 (0,0,0)
597.6 (0,0,0)
597.8 (0,0,0)
598 (0,0,0)
598.2 (0,0,0)
598.4 (0,0,0)
598.6 (0,0,0)
598.8 (0,0,0)
599 (0,0,0)
599.2 (0,0,0)
599.4 (0,0,0)
599.6 (0,0,0)
599.8 (0,0,0)
600 (0,0,0)
600.2 (0,0,0)
600.4 (0,0,0)
600.6 (0,0,0)
600.8 (0,0,0)
601 (0,0,0)
601.2 (0,0,0)
601.4 (0,0,0)
601.6 (0,0,0)
601.8 (0,0,0)
602 (0,0,0)
602.2 (0,0,0)
602.4 (0,0,0)
602.6 (0,0,0)
602.8 (0,0,0)
603 (0,0,0)
603.2 (0,0,0)
603.4 (0,0,0)
603.6 (0,0,0)
603.8 (0,0,0)
604 (0,0,0)
604.2 (0,0,0)
604.4 (0,0,0)
604.6 (0,0,0)
604.8 (0,0,0)
605 (0,0,0)
605.2 (0,0,0)
605.4 (0,0,0)
605.6 (0,0,0)
605.8 (0,0,0)
606 (0,0,0)
606.2 (0,0,0)
606.4 (0,0,0)
606.6 (0,0,0)
606.8 (0,0,0)
607 (0,0,0)
607.2 (0,0,0)
607.4 (0,0,0)
607.6 (0,0,0)
607.8 (0,0,0)
608 (0,0,0)
608.2 (0,0,0)
608.4 (0,0,0)
608.6 (0,0,0)
608.8 (0,0,0)
609 (0,0,0)
609.2 (0,0,0)
609.4 (0,0,0)
609.6 (0,0,0)
609.8 (0,0,0)
610 (0,0,0)
610.2 (0,0,0)
610.4 (0,0,0)
610.6 (0,0,0)
610.8 (0,0,0)
611 (0,0,0)
611.2 (0,0,0)
611.4 (0,0,0)
611.6 (0,0,0)
611.8 (0,0,0)
612 (0,0,0)
612.2 (0,0,0)
612.4 (0,0,0)
612.6 (0,0,0)
612.8 (0,0,0)
613 (0,0,0)
613.2 (0,0,0)
613.4 (0,0,0)
613.6 (0,0,0)
613.8 (0,0,0)
614 (0,0,0)
614.2 (0,0,0)
614.4 (0,0,0)
614.6 (0,0,0)
614.8 (0,0,0)
615 (0,0,0)
615.2 (0,0,0)
615.4 (0,0,0)
615.6 (0,0,0)
615.8 (0,0,0)
616 (0,0,0)
616.2 (0,0,0)
616.4 (0,0,0)
616.6 (0,0,0)
616.8 (0,0,0)
617 (0,0,0)
617.2 (0,0,0)
617.4 (0,0,0)
617.6 (0,0,0)
617.8 (0,0,0)
618 (0,0,0)
618.2 (0,0,0)
618.4 (0,0,0)
618.6 (0,0,0)
618.8 (0,0,0)
619 (0,0,0)
619.2 (0,0,0)
619.4 (0,0,0)
619.6 (0,0,0)
619.8 (0,0,0)
620 (0,0,0)
620.2 (0,0,0)
620.4 (0,0,0)
620.6 (0,0,0)
620.8 (0,0,0)
621 (0,0,0)
621.2 (0,0,0)
621.4 (0,0,0)
621.6 (0,0,0)
621.8 (0,0,0)
622 (0,0,0)
622.2 (0,0,0)
622.4 (0,0,0)
622.6 (0,0,0)
622.8 (0,0,0)
623 (0,0,0)
623.2 (0,0,0)
623.4 (0,0,0)
623.6 (0,0,0)
623.8 (0,0,0)
624 (0,0,0)
624.2 (0,0,0)
624.4 (0,0,0)
624.6 (0,0,0)
624.8 (0,0,0)
625 (0,0,0)
625.2 (0,0,0)
625.4 (0,0,0)
625.6 (0,0,0)
625.8 (0,0,0)
626 (0,0,0)
626.2 (0,0,0)
626.4 (0,0,0)
626.6 (0,0,0)
626.8 (0,0,0)
627 (0,0,0)
627.2 (0,0,0)
627.4 (0,0,0)
627.6 (0,0,0)
627.8 (0,0,0)
628 (0,0,0)
628.2 (0,0,0)
628.4 (0,0,0)
628.6 (0,0,0)
628.8 (0,0,0)
629 (0,0,0)
629.2 (0,0,0)
629.4 (0,0,0)
629.6 (0,0,0)
629.8 (0,0,0)
630 (0,0,0)
630.2 (0,0,0)
630.4 (0,0,0)
630.6 (0,0,0)
630.8 (0,0,0)
631 (0,0,0)
631.2 (0,0,0)
631.4 (0,0,0)
631.6 (0,0,0)
631.8 (0,0,0)
632 (0,0,0)
632.2 (0,0,0)
632.4 (0,0,0)
632.6 (0,0,0)
632.8 (0,0,0)
633 (0,0,0)
633.2 (0,0,0)
633.4 (0,0,0)
633.6 (0,0,0)
633.8 (0,0,0)
634 (0,0,0)
634.2 (0,0,0)
634.4 (0,0,0)
634.6 (0,0,0)
634.8 (0,0,0)
635 (0,0,0)
635.2 (0,0,0)
635.4 (0,0,0)
635.6 (0,0,0)
635.8 (0,0,0)
636 (0,0,0)
636.2 (0,0,0)
636.4 (0,0,0)
636.6 (0,0,0)
636.8 (0,0,0)
637 (0,0,0)
637.2 (0,0,0)
637.4 (0,0,0)
637.6 (0,0,0)
637.8 (0,0,0)
638 (0,0,0)
638.2 (0,0,0)
638.4 (0,0,0)
638.6 (0,0,0)
638.8 (0,0,0)
639 (0,0,0)
639.2 (0,0,0)
639.4 (0,0,0)
639.6 (0,0,0)
639.8 (0,0,0)
640 (0,0,0)
640.2 (0,0,0)
640.4 (0,0,0)
640.6 (0,0,0)
640.8 (0,0,0)
641 (0,0,0)
641.2 (0,0,0)
641.4 (0,0,0)
641.6 (0,0,0)
641.8 (0,0,0)
642 (0,0,0)
642.2 (0,0,0)
642.4 (0,0,0)
642.6 (0,0,0)
642.8 (0,0,0)
643 (0,0,0)
643.2 (0,0,0)
643.4 (0,0,0)
643.6 (0,0,0)
643.8 (0,0,0)
644 (0,0,0)
644.2 (0,0,0)
644.4 (0,0,0)
644.6 (0,0,0)
644.8 (0,0,0)
645 (0,0,0)
645.2 (0,0,0)
645.4 (0,0,0)
645.6 (0,0,0)
645.8 (0,0,0)
646 (0,0,0)
646.2 (0,0,0)
646.4 (0,0,0)
646.6 (0,0,0)
646.8 (0,0,0)
647 (0,0,0)
647.2 (0,0,0)
647.4 (0,0,0)
647.6 (0,0,0)
647.8 (0,0,0)
648 (0,0,0)
648.2 (0,0,0)
648.4 (0,0,0)
648.6 (0,0,0)
648.8 (0,0,0)
649 (0,0,0)
649.2 (0,0,0)
649.4 (0,0,0)
649.6 (0,0,0)
649.8 (0,0,0)
650 (0,0,0)
650.2 (0,0,0)
650.4 (0,0,0)
650.6 (0,0,0)
650.8 (0,0,0)
651 (0,0,0)
651.2 (0,0,0)
651.4 (0,0,0)
651.6 (0,0,0)
651.8 (0,0,0)
652 (0,0,0)
652.2 (0,0,0)
652.4 (0,0,0)
652.6 (0,0,0)
652.8 (0,0,0)
653 (0,0,0)
653.2 (0,0,0)
653.4 (0,0,0)
653.6 (0,0,0)
653.8 (0,0,0)
654 (0,0,0)
654.2 (0,0,0)
654.4 (0,0,0)
654.6 (0,0,0)
654.8 (0,0,0)
655 (0,0,0)
655.2 (0,0,0)
655.4 (0,0,0)
655.6 (0,0,0)
655.8 (0,0,0)
656 (0,0,0)
656.2 (0,0,0)
656.4 (0,0,0)
656.6 (0,0,0)
656.8 (0,0,0)
657 (0,0,0)
657.2 (0,0,0)
657.4 (0,0,0)
657.6 (0,0,0)
657.8 (0,0,0)
658 (0,0,0)
658.2 (0,0,0)
658.4 (0,0,0)
658.6 (0,0,0)
658.8 (0,0,0)
659 (0,0,0)
659.2 (0,0,0)
659.4 (0,0,0)
659.6 (0,0,0)
659.8 (0,0,0)
660 (0,0,0)
660.2 (0,0,0)
660.4 (0,0,0)
660.6 (0,0,0)
660.8 (0,0,0)
661 (0,0,0)
661.2 (0,0,0)
661.4 (0,0,0)
661.6 (0,0,0)
661.8 (0,0,0)
662 (0,0,0)
662.2 (0,0,0)
662.4 (0,0,0)
662.6 (0,0,0)
662.8 (0,0,0)
663 (0,0,0)
663.2 (0,0,0)
663.4 (0,0,0)
663.6 (0,0,0)
663.8 (0,0,0)
664 (0,0,0)
664.2 (0,0,0)
664.4 (0,0,0)
664.6 (0,0,0)
664.8 (0,0,0)
665 (0,0,0)
665.2 (0,0,0)
665.4 (0,0,0)
665.6 (0,0,0)
665.8 (0,0,0)
666 (0,0,0)
666.2 (0,0,0)
666.4 (0,0,0)
666.6 (0,0,0)
666.8 (0,0,0)
667 (0,0,0)
667.2 (0,0,0)
667.4 (0,0,0)
667.6 (0,0,0)
667.8 (0,0,0)
668 (0,0,0)
668.2 (0,0,0)
668.4 (0,0,0)
668.6 (0,0,0)
668.8 (0,0,0)
669 (0,0,0)
669.2 (0,0,0)
669.4 (0,0,0)
669.6 (0,0,0)
669.8 (0,0,0)
670 (0,0,0)
670.2 (0,0,0)
670.4 (0,0,0)
670.6 (0,0,0)
670.8 (0,0,0)
671 (0,0,0)
671.2 (0,0,0)
671.4 (0,0,0)
671.6 (0,0,0)
671.8 (0,0,0)
672 (0,0,0)
672.2 (0,0,0)
672.4 (0,0,0)
672.6 (0,0,0)
672.8 (0,0,0)
673 (0,0,0)
673.2 (0,0,0)
673.4 (0,0,0)
673.6 (0,0,0)
673.8 (0,0,0)
674 (0,0,0)
674.2 (0,0,0)
674.4 (0,0,0)
674.6 (0,0,0)
674.8 (0,0,0)
675 (0,0,0)
675.2 (0,0,0)
675.4 (0,0,0)
675.6 (0,0,0)
675.8 (0,0,0)
676 (0,0,0)
676.2 (0,0,0)
676.4 (0,0,0)
676.6 (0,0,0)
676.8 (0,0,0)
677 (0,0,0)
677.2 (0,0,0)
677.4 (0,0,0)
677.6 (0,0,0)
677.8 (0,0,0)
678 (0,0,0)
678.2 (0,0,0)
678.4 (0,0,0)
678.6 (0,0,0)
678.8 (0,0,0)
679 (0,0,0)
679.2 (0,0,0)
679.4 (0,0,0)
679.6 (0,0,0)
679.8 (0,0,0)
680 (0,0,0)
680.2 (0,0,0)
680.4 (0,0,0)
680.6 (0,0,0)
680.8 (0,0,0)
681 (0,0,0)
681.2 (0,0,0)
681.4 (0,0,0)
681.6 (0,0,0)
681.8 (0,0,0)
682 (0,0,0)
682.2 (0,0,0)
682.4 (0,0,0)
682.6 (0,0,0)
682.8 (0,0,0)
683 (0,0,0)
683.2 (0,0,0)
683.4 (0,0,0)
683.6 (0,0,0)
683.8 (0,0,0)
684 (0,0,0)
684.2 (0,0,0)
684.4 (0,0,0)
684.6 (0,0,0)
684.8 (0,0,0)
685 (0,0,0)
685.2 (0,0,0)
685.4 (0,0,0)
685.6 (0,0,0)
685.8 (0,0,0)
686 (0,0,0)
686.2 (0,0,0)
686.4 (0,0,0)
686.6 (0,0,0)
686.8 (0,0,0)
687 (0,0,0)
687.2 (0,0,0)
687.4 (0,0,0)
687.6 (0,0,0)
687.8 (0,0,0)
688 (0,0,0)
688.2 (0,0,0)
688.4 (0,0,0)
688.6 (0,0,0)
688.8 (0,0,0)
689 (0,0,0)
689.2 (0,0,0)
689.4 (0,0,0)
689.6 (0,0,0)
689.8 (0,0,0)
690 (0,0,0)
690.2 (0,0,0)
690.4 (0,0,0)
690.6 (0,0,0)
690.8 (0,0,0)
691 (0,0,0)
691.2 (0,0,0)
691.4 (0,0,0)
691.6 (0,0,0)
691.8 (0,0,0)
692 (0,0,0)
692.2 (0,0,0)
692.4 (0,0,0)
692.6 (0,0,0)
692.8 (0,0,0)
693 (0,0,0)
693.2 (0,0,0)
693.4 (0,0,0)
693.6 (0,0,0)
693.8 (0,0,0)
694 (0,0,0)
694.2 (0,0,0)
694.4 (0,0,0)
694.6 (0,0,0)
694.8 (0,0,0)
695 (0,0,0)
695.2 (0,0,0)
695.4 (0,0,0)
695.6 (0,0,0)
695.8 (0,0,0)
696 (0,0,0)
696.2 (0,0,0)
696.4 (0,0,0)
696.6 (0,0,0)
696.8 (0,0,0)
697 (0,0,0)
697.2 (0,0,0)
697.4 (0,0,0)
697.6 (0,0,0)
697.8 (0,0,0)
698 (0,0,0)
698.2 (0,0,0)
698.4 (0,0,0)
698.6 (0,0,0)
698.8 (0,0,0)
699 (0,0,0)
699.2 (0,0,0)
699.4 (0,0,0)
699.6 (0,0,0)
699.8 (0,0,0)
700 (0,0,0)
700.2 (0,0,0)
700.4 (0,0,0)
700.6 (0,0,0)
700.8 (0,0,0)
701 (0,0,0)
701.2 (0,0,0)
701.4 (0,0,0)
701.6 (0,0,0)
701.8 (0,0,0)
702 (0,0,0)
702.2 (0,0,0)
702.4 (0,0,0)
702.6 (0,0,0)
702.8 (0,0,0)
703 (0,0,0)
703.2 (0,0,0)
703.4 (0,0,0)
703.6 (0,0,0)
703.8 (0,0,0)
704 (0,0,0)
704.2 (0,0,0)
704.4 (0,0,0)
704.6 (0,0,0)
704.8 (0,0,0)
705 (0,0,0)
705.2 (0,0,0)
705.4 (0,0,0)
705.6 (0,0,0)
705.8 (0,0,0)
706 (0,0,0)
706.2 (0,0,0)
706.4 (0,0,0)
706.6 (0,0,0)
706.8 (0,0,0)
707 (0,0,0)
707.2 (0,0,0)
707.4 (0,0,0)
707.6 (0,0,0)
707.8 (0,0,0)
708 (0,0,0)
708.2 (0,0,0)
708.4 (0,0,0)
708.6 (0,0,0)
708.8 (0,0,0)
709 (0,0,0)
709.2 (0,0,0)
709.4 (0,0,0)
709.6 (0,0,0)
709.8 (0,0,0)
710 (0,0,0)
710.2 (0,0,0)
710.4 (0,0,0)
710.6 (0,0,0)
710.8 (0,0,0)
711 (0,0,0)
711.2 (0,0,0)
711.4 (0,0,0)
711.6 (0,0,0)
711.8 (0,0,0)
712 (0,0,0)
712.2 (0,0,0)
712.4 (0,0,0)
712.6 (0,0,0)
712.8 (0,0,0)
713 (0,0,0)
713.2 (0,0,0)
713.4 (0,0,0)
713.6 (0,0,0)
713.8 (0,0,0)
714 (0,0,0)
714.2 (0,0,0)
714.4 (0,0,0)
714.6 (0,0,0)
714.8 (0,0,0)
715 (0,0,0)
715.2 (0,0,0)
715.4 (0,0,0)
715.6 (0,0,0)
715.8 (0,0,0)
716 (0,0,0)
716.2 (0,0,0)
716.4 (0,0,0)
716.6 (0,0,0)
716.8 (0,0,0)
717 (0,0,0)
717.2 (0,0,0)
717.4 (0,0,0)
717.6 (0,0,0)
717.8 (0,0,0)
718 (0,0,0)
718.2 (0,0,0)
718.4 (0,0,0)
718.6 (0,0,0)
718.8 (0,0,0)
719 (0,0,0)
719.2 (0,0,0)
719.4 (0,0,0)
719.6 (0,0,0)
719.8 (0,0,0)
720 (0,0,0)
720.2 (0,0,0)
720.4 (0,0,0)
720.6 (0,0,0)
720.8 (0,0,0)
721 (0,0,0)
721.2 (0,0,0)
721.4 (0,0,0)
721.6 (0,0,0)
721.8 (0,0,0)
722 (0,0,0)
722.2 (0,0,0)
722.4 (0,0,0)
722.6 (0,0,0)
722.8 (0,0,0)
723 (0,0,0)
723.2 (0,0,0)
723.4 (0,0,0)
723.6 (0,0,0)
723.8 (0,0,0)
724 (0,0,0)
724.2 (0,0,0)
724.4 (0,0,0)
724.6 (0,0,0)
724.8 (0,0,0)
725 (0,0,0)
725.2 (0,0,0)
725.4 (0,0,0)
725.6 (0,0,0)
725.8 (0,0,0)
726 (0,0,0)
726.2 (0,0,0)
726.4 (0,0,0)
726.6 (0,0,0)
726.8 (0,0,0)
727 (0,0,0)
727.2 (0,0,0)
727.4 (0,0,0)
727.6 (0,0,0)
727.8 (0,0,0)
728 (0,0,0)
728.2 (0,0,0)
728.4 (0,0,0)
728.6 (0,0,0)
728.8 (0,0,0)
729 (0,0,0)
729.2 (0,0,0)
729.4 (0,0,0)
729.6 (0,0,0)
729.8 (0,0,0)
730 (0,0,0)
730.2 (0,0,0)
730.4 (0,0,0)
730.6 (0,0,0)
730.8 (0,0,0)
731 (0,0,0)
731.2 (0,0,0)
731.4 (0,0,0)
731.6 (0,0,0)
731.8 (0,0,0)
732 (0,0,0)
732.2 (0,0,0)
732.4 (0,0,0)
732.6 (0,0,0)
732.8 (0,0,0)
733 (0,0,0)
733.2 (0,0,0)
733.4 (0,0,0)
733.6 (0,0,0)
733.8 (0,0,0)
734 (0,0,0)
734.2 (0,0,0)
734.4 (0,0,0)
734.6 (0,0,0)
734.8 (0,0,0)
735 (0,0,0)
735.2 (0,0,0)
735.4 (0,0,0)
735.6 (0,0,0)
735.8 (0,0,0)
736 (0,0,0)
736.2 (0,0,0)
736.4 (0,0,0)
736.6 (0,0,0)
736.8 (0,0,0)
737 (0,0,0)
737.2 (0,0,0)
737.4 (0,0,0)
737.6 (0,0,0)
737.8 (0,0,0)
738 (0,0,0)
738.2 (0,0,0)
738.4 (0,0,0)
738.6 (0,0,0)
738.8 (0,0,0)
739 (0,0,0)
739.2 (0,0,0)
739.4 (0,0,0)
739.6 (0,0,0)
739.8 (0,0,0)
740 (0,0,0)
740.2 (0,0,0)
740.4 (0,0,0)
740.6 (0,0,0)
740.8 (0,0,0)
741 (0,0,0)
741.2 (0,0,0)
741.4 (0,0,0)
741.6 (0,0,0)
741.8 (0,0,0)
742 (0,0,0)
742.2 (0,0,0)
742.4 (0,0,0)
742.6 (0,0,0)
742.8 (0,0,0)
743 (0,0,0)
743.2 (0,0,0)
743.4 (0,0,0)
743.6 (0,0,0)
743.8 (0,0,0)
744 (0,0,0)
744.2 (0,0,0)
744.4 (0,0,0)
744.6 (0,0,0)
744.8 (0,0,0)
745 (0,0,0)
745.2 (0,0,0)
745.4 (0,0,0)
745.6 (0,0,0)
745.8 (0,0,0)
746 (0,0,0)
746.2 (0,0,0)
746.4 (0,0,0)
746.6 (0,0,0)
746.8 (0,0,0)
747 (0,0,0)
747.2 (0,0,0)
747.4 (0,0,0)
747.6 (0,0,0)
747.8 (0,0,0)
748 (0,0,0)
748.2 (0,0,0)
748.4 (0,0,0)
748.6 (0,0,0)
748.8 (0,0,0)
749 (0,0,0)
749.2 (0,0,0)
749.4 (0,0,0)
749.6 (0,0,0)
749.8 (0,0,0)
750 (0,0,0)
750.2 (0,0,0)
750.4 (0,0,0)
750.6 (0,0,0)
750.8 (0,0,0)
751 (0,0,0)
751.2 (0,0,0)
751.4 (0,0,0)
751.6 (0,0,0)
751.8 (0,0,0)
752 (0,0,0)
752.2 (0,0,0)
752.4 (0,0,0)
752.6 (0,0,0)
752.8 (0,0,0)
753 (0,0,0)
753.2 (0,0,0)
753.4 (0,0,0)
753.6 (0,0,0)
753.8 (0,0,0)
754 (0,0,0)
754.2 (0,0,0)
754.4 (0,0,0)
754.6 (0,0,0)
754.8 (0,0,0)
755 (0,0,0)
755.2 (0,0,0)
755.4 (0,0,0)
755.6 (0,0,0)
755.8 (0,0,0)
756 (0,0,0)
756.2 (0,0,0)
756.4 (0,0,0)
756.6 (0,0,0)
756.8 (0,0,0)
757 (0,0,0)
757.2 (0,0,0)
757.4 (0,0,0)
757.6 (0,0,0)
757.8 (0,0,0)
758 (0,0,0)
758.2 (0,0,0)
758.4 (0,0,0)
758.6 (0,0,0)
758.8 (0,0,0)
759 (0,0,0)
759.2 (0,0,0)
759.4 (0,0,0)
759.6 (0,0,0)
759.8 (0,0,0)
760 (0,0,0)
760.2 (0,0,0)
760.4 (0,0,0)
760.6 (0,0,0)
760.8 (0,0,0)
761 (0,0,0)
761.2 (0,0,0)
761.4 (0,0,0)
761.6 (0,0,0)
761.8 (0,0,0)
762 (0,0,0)
762.2 (0,0,0)
762.4 (0,0,0)
762.6 (0,0,0)
762.8 (0,0,0)
763 (0,0,0)
763.2 (0,0,0)
763.4 (0,0,0)
763.6 (0,0,0)
763.8 (0,0,0)
764 (0,0,0)
764.2 (0,0,0)
764.4 (0,0,0)
764.6 (0,0,0)
764.8 (0,0,0)
765 (0,0,0)
765.2 (0,0,0)
765.4 (0,0,0)
765.6 (0,0,0)
765.8 (0,0,0)
766 (0,0,0)
766.2 (0,0,0)
766.4 (0,0,0)
766.6 (0,0,0)
766.8 (0,0,0)
767 (0,0,0)
767.2 (0,0,0)
767.4 (0,0,0)
767.6 (0,0,0)
767.8 (0,0,0)
768 (0,0,0)
768.2 (0,0,0)
768.4 (0,0,0)
768.6 (0,0,0)
768.8 (0,0,0)
769 (0,0,0)
769.2 (0,0,0)
769.4 (0,0,0)
769.6 (0,0,0)
769.8 (0,0,0)
770 (0,0,0)
770.2 (0,0,0)
770.4 (0,0,0)
770.6 (0,0,0)
770.8 (0,0,0)
771 (0,0,0)
771.2 (0,0,0)
771.4 (0,0,0)
771.6 (0,0,0)
771.8 (0,0,0)
772 (0,0,0)
772.2 (0,0,0)
772.4 (0,0,0)
772.6 (0,0,0)
772.8 (0,0,0)
773 (0,0,0)
773.2 (0,0,0)
773.4 (0,0,0)
773.6 (0,0,0)
773.8 (0,0,0)
774 (0,0,0)
774.2 (0,0,0)
774.4 (0,0,0)
774.6 (0,0,0)
774.8 (0,0,0)
775 (0,0,0)
775.2 (0,0,0)
775.4 (0,0,0)
775.6 (0,0,0)
775.8 (0,0,0)
776 (0,0,0)
776.2 (0,0,0)
776.4 (0,0,0)
776.6 (0,0,0)
776.8 (0,0,0)
777 (0,0,0)
777.2 (0,0,0)
777.4 (0,0,0)
777.6 (0,0,0)
777.8 (0,0,0)
778 (0,0,0)
778.2 (0,0,0)
778.4 (0,0,0)
778.6 (0,0,0)
778.8 (0,0,0)
779 (0,0,0)
779.2 (0,0,0)
779.4 (0,0,0)
779.6 (0,0,0)
779.8 (0,0,0)
780 (0,0,0)
780.2 (0,0,0)
780.4 (0,0,0)
780.6 (0,0,0)
780.8 (0,0,0)
781 (0,0,0)
781.2 (0,0,0)
781.4 (0,0,0)
781.6 (0,0,0)
781.8 (0,0,0)
782 (0,0,0)
782.2 (0,0,0)
782.4 (0,0,0)
782.6 (0,0,0)
782.8 (0,0,0)
783 (0,0,0)
783.2 (0,0,0)
783.4 (0,0,0)
783.6 (0,0,0)
783.8 (0,0,0)
784 (0,0,0)
784.2 (0,0,0)
784.4 (0,0,0)
784.6 (0,0,0)
784.8 (0,0,0)
785 (0,0,0)
785.2 (0,0,0)
785.4 (0,0,0)
785.6 (0,0,0)
785.8 (0,0,0)
786 (0,0,0)
786.2 (0,0,0)
786.4 (0,0,0)
786.6 (0,0,0)
786.8 (0,0,0)
787 (0,0,0)
787.2 (0,0,0)
787.4 (0,0,0)
787.6 (0,0,0)
787.8 (0,0,0)
788 (0,0,0)
788.2 (0,0,0)
788.4 (0,0,0)
788.6 (0,0,0)
788.8 (0,0,0)
789 (0,0,0)
789.2 (0,0,0)
789.4 (0,0,0)
789.6 (0,0,0)
789.8 (0,0,0)
790 (0,0,0)
790.2 (0,0,0)
790.4 (0,0,0)
790.6 (0,0,0)
790.8 (0,0,0)
791 (0,0,0)
791.2 (0,0,0)
791.4 (0,0,0)
791.6 (0,0,0)
791.8 (0,0,0)
792 (0,0,0)
792.2 (0,0,0)
792.4 (0,0,0)
792.6 (0,0,0)
792.8 (0,0,0)
793 (0,0,0)
793.2 (0,0,0)
793.4 (0,0,0)
793.6 (0,0,0)
793.8 (0,0,0)
794 (0,0,0)
794.2 (0,0,0)
794.4 (0,0,0)
794.6 (0,0,0)
794.8 (0,0,0)
795 (0,0,0)
795.2 (0,0,0)
795.4 (0,0,0)
795.6 (0,0,0)
795.8 (0,0,0)
796 (0,0,0)
796.2 (0,0,0)
796.4 (0,0,0)
796.6 (0,0,0)
796.8 (0,0,0)
797 (0,0,0)
797.2 (0,0,0)
797.4 (0,0,0)
797.6 (0,0,0)
797.8 (0,0,0)
798 (0,0,0)
798.2 (0,0,0)
798.4 (0,0,0)
798.6 (0,0,0)
798.8 (0,0,0)
799 (0,0,0)
799.2 (0,0,0)
799.4 (0,0,0)
799.6 (0,0,0)
799.8 (0,0,0)
800 (0,0,0)
800.2 (0,0,0)
800.4 (0,0,0)
800.6 (0,0,0)
800.8 (0,0,0)
801 (0,0,0)
801.2 (0,0,0)
801.4 (0,0,0)
801.6 (0,0,0)
801.8 (0,0,0)
802 (0,0,0)
802.2 (0,0,0)
802.4 (0,0,0)
802.6 (0,0,0)
802.8 (0,0,0)
803 (0,0,0)
803.2 (0,0,0)
803.4 (0,0,0)
803.6 (0,0,0)
803.8 (0,0,0)
804 (0,0,0)
804.2 (0,0,0)
804.4 (0,0,0)
804.6 (0,0,0)
804.8 (0,0,0)
805 (0,0,0)
805.2 (0,0,0)
805.4 (0,0,0)
805.6 (0,0,0)
805.8 (0,0,0)
806 (0,0,0)
806.2 (0,0,0)
806.4 (0,0,0)
806.6 (0,0,0)
806.8 (0,0,0)
807 (0,0,0)
807.2 (0,0,0)
807.4 (0,0,0)
807.6 (0,0,0)
807.8 (0,0,0)
808 (0,0,0)
808.2 (0,0,0)
808.4 (0,0,0)
808.6 (0,0,0)
808.8 (0,0,0)
809 (0,0,0)
809.2 (0,0,0)
809.4 (0,0,0)
809.6 (0,0,0)
809.8 (0,0,0)
810 (0,0,0)
810.2 (0,0,0)
810.4 (0,0,0)
810.6 (0,0,0)
810.8 (0,0,0)
811 (0,0,0)
811.2 (0,0,0)
811.4 (0,0,0)
811.6 (0,0,0)
811.8 (0,0,0)
812 (0,0,0)
812.2 (0,0,0)
812.4 (0,0,0)
812.6 (0,0,0)
812.8 (0,0,0)
813 (0,0,0)
813.2 (0,0,0)
813.4 (0,0,0)
813.6 (0,0,0)
813.8 (0,0,0)
814 (0,0,0)
814.2 (0,0,0)
814.4 (0,0,0)
814.6 (0,0,0)
814.8 (0,0,0)
815 (0,0,0)
815.2 (0,0,0)
815.4 (0,0,0)
815.6 (0,0,0)
815.8 (0,0,0)
816 (0,0,0)
816.2 (0,0,0)
816.4 (0,0,0)
816.6 (0,0,0)
816.8 (0,0,0)
817 (0,0,0)
817.2 (0,0,0)
817.4 (0,0,0)
817.6 (0,0,0)
817.8 (0,0,0)
818 (0,0,0)
818.2 (0,0,0)
818.4 (0,0,0)
818.6 (0,0,0)
818.8 (0,0,0)
819 (0,0,0)
819.2 (0,0,0)
819.4 (0,0,0)
819.6 (0,0,0)
819.8 (0,0,0)
820 (0,0,0)
820.2 (0,0,0)
820.4 (0,0,0)
820.6 (0,0,0)
820.8 (0,0,0)
821 (0,0,0)
821.2 (0,0,0)
821.4 (0,0,0)
821.6 (0,0,0)
821.8 (0,0,0)
822 (0,0,0)
822.2 (0,0,0)
822.4 (0,0,0)
822.6 (0,0,0)
822.8 (0,0,0)
823 (0,0,0)
823.2 (0,0,0)
823.4 (0,0,0)
823.6 (0,0,0)
823.8 (0,0,0)
824 (0,0,0)
824.2 (0,0,0)
824.4 (0,0,0)
824.6 (0,0,0)
824.8 (0,0,0)
825 (0,0,0)
825.2 (0,0,0)
825.4 (0,0,0)
825.6 (0,0,0)
825.8 (0,0,0)
826 (0,0,0)
826.2 (0,0,0)
826.4 (0,0,0)
826.6 (0,0,0)
826.8 (0,0,0)
827 (0,0,0)
827.2 (0,0,0)
827.4 (0,0,0)
827.6 (0,0,0)
827.8 (0,0,0)
828 (0,0,0)
828.2 (0,0,0)
828.4 (0,0,0)
828.6 (0,0,0)
828.8 (0,0,0)
829 (0,0,0)
829.2 (0,0,0)
829.4 (0,0,0)
829.6 (0,0,0)
829.8 (0,0,0)
830 (0,0,0)
830.2 (0,0,0)
830.4 (0,0,0)
830.6 (0,0,0)
830.8 (0,0,0)
831 (0,0,0)
831.2 (0,0,0)
831.4 (0,0,0)
831.6 (0,0,0)
831.8 (0,0,0)
832 (0,0,0)
832.2 (0,0,0)
832.4 (0,0,0)
832.6 (0,0,0)
832.8 (0,0,0)
833 (0,0,0)
833.2 (0,0,0)
833.4 (0,0,0)
833.6 (0,0,0)
833.8 (0,0,0)
834 (0,0,0)
834.2 (0,0,0)
834.4 (0,0,0)
834.6 (0,0,0)
834.8 (0,0,0)
835 (0,0,0)
835.2 (0,0,0)
835.4 (0,0,0)
835.6 (0,0,0)
835.8 (0,0,0)
836 (0,0,0)
836.2 (0,0,0)
836.4 (0,0,0)
836.6 (0,0,0)
836.8 (0,0,0)
837 (0,0,0)
837.2 (0,0,0)
837.4 (0,0,0)
837.6 (0,0,0)
837.8 (0,0,0)
838 (0,0,0)
838.2 (0,0,0)
838.4 (0,0,0)
838.6 (0,0,0)
838.8 (0,0,0)
839 (0,0,0)
839.2 (0,0,0)
839.4 (0,0,0)
839.6 (0,0,0)
839.8 (0,0,0)
840 (0,0,0)
840.2 (0,0,0)
840.4 (0,0,0)
840.6 (0,0,0)
840.8 (0,0,0)
841 (0,0,0)
841.2 (0,0,0)
841.4 (0,0,0)
841.6 (0,0,0)
841.8 (0,0,0)
842 (0,0,0)
842.2 (0,0,0)
842.4 (0,0,0)
842.6 (0,0,0)
842.8 (0,0,0)
843 (0,0,0)
843.2 (0,0,0)
843.4 (0,0,0)
843.6 (0,0,0)
843.8 (0,0,0)
844 (0,0,0)
844.2 (0,0,0)
844.4 (0,0,0)
844.6 (0,0,0)
844.8 (0,0,0)
845 (0,0,0)
845.2 (0,0,0)
845.4 (0,0,0)
845.6 (0,0,0)
845.8 (0,0,0)
846 (0,0,0)
846.2 (0,0,0)
846.4 (0,0,0)
846.6 (0,0,0)
846.8 (0,0,0)
847 (0,0,0)
847.2 (0,0,0)
847.4 (0,0,0)
847.6 (0,0,0)
847.8 (0,0,0)
848 (0,0,0)
848.2 (0,0,0)
848.4 (0,0,0)
848.6 (0,0,0)
848.8 (0,0,0)
849 (0,0,0)
849.2 (0,0,0)
849.4 (0,0,0)
849.6 (0,0,0)
849.8 (0,0,0)
850 (0,0,0)
850.2 (0,0,0)
850.4 (0,0,0)
850.6 (0,0,0)
850.8 (0,0,0)
851 (0,0,0)
851.2 (0,0,0)
851.4 (0,0,0)
851.6 (0,0,0)
851.8 (0,0,0)
852 (0,0,0)
852.2 (0,0,0)
852.4 (0,0,0)
852.6 (0,0,0)
852.8 (0,0,0)
853 (0,0,0)
853.2 (0,0,0)
853.4 (0,0,0)
853.6 (0,0,0)
853.8 (0,0,0)
854 (0,0,0)
854.2 (0,0,0)
854.4 (0,0,0)
854.6 (0,0,0)
854.8 (0,0,0)
855 (0,0,0)
855.2 (0,0,0)
855.4 (0,0,0)
855.6 (0,0,0)
855.8 (0,0,0)
856 (0,0,0)
856.2 (0,0,0)
856.4 (0,0,0)
856.6 (0,0,0)
856.8 (0,0,0)
857 (0,0,0)
857.2 (0,0,0)
857.4 (0,0,0)
857.6 (0,0,0)
857.8 (0,0,0)
858 (0,0,0)
858.2 (0,0,0)
858.4 (0,0,0)
858.6 (0,0,0)
858.8 (0,0,0)
859 (0,0,0)
859.2 (0,0,0)
859.4 (0,0,0)
859.6 (0,0,0)
859.8 (0,0,0)
860 (0,0,0)
860.2 (0,0,0)
860.4 (0,0,0)
860.6 (0,0,0)
860.8 (0,0,0)
861 (0,0,0)
861.2 (0,0,0)
861.4 (0,0,0)
861.6 (0,0,0)
861.8 (0,0,0)
862 (0,0,0)
862.2 (0,0,0)
862.4 (0,0,0)
862.6 (0,0,0)
862.8 (0,0,0)
863 (0,0,0)
863.2 (0,0,0)
863.4 (0,0,0)
863.6 (0,0,0)
863.8 (0,0,0)
864 (0,0,0)
864.2 (0,0,0)
864.4 (0,0,0)
864.6 (0,0,0)
864.8 (0,0,0)
865 (0,0,0)
865.2 (0,0,0)
865.4 (0,0,0)
865.6 (0,0,0)
865.8 (0,0,0)
866 (0,0,0)
866.2 (0,0,0)
866.4 (0,0,0)
866.6 (0,0,0)
866.8 (0,0,0)
867 (0,0,0)
867.2 (0,0,0)
867.4 (0,0,0)
867.6 (0,0,0)
867.8 (0,0,0)
868 (0,0,0)
868.2 (0,0,0)
868.4 (0,0,0)
868.6 (0,0,0)
868.8 (0,0,0)
869 (0,0,0)
869.2 (0,0,0)
869.4 (0,0,0)
869.6 (0,0,0)
869.8 (0,0,0)
870 (0,0,0)
870.2 (0,0,0)
870.4 (0,0,0)
870.6 (0,0,0)
870.8 (0,0,0)
871 (0,0,0)
871.2 (0,0,0)
871.4 (0,0,0)
871.6 (0,0,0)
871.8 (0,0,0)
872 (0,0,0)
872.2 (0,0,0)
872.4 (0,0,0)
872.6 (0,0,0)
872.8 (0,0,0)
873 (0,0,0)
873.2 (0,0,0)
873.4 (0,0,0)
873.6 (0,0,0)
873.8 (0,0,0)
874 (0,0,0)
874.2 (0,0,0)
874.4 (0,0,0)
874.6 (0,0,0)
874.8 (0,0,0)
875 (0,0,0)
875.2 (0,0,0)
875.4 (0,0,0)
875.6 (0,0,0)
875.8 (0,0,0)
876 (0,0,0)
876.2 (0,0,0)
876.4 (0,0,0)
876.6 (0,0,0)
876.8 (0,0,0)
877 (0,0,0)
877.2 (0,0,0)
877.4 (0,0,0)
877.6 (0,0,0)
877.8 (0,0,0)
878 (0,0,0)
878.2 (0,0,0)
878.4 (0,0,0)
878.6 (0,0,0)
878.8 (0,0,0)
879 (0,0,0)
879.2 (0,0,0)
879.4 (0,0,0)
879.6 (0,0,0)
879.8 (0,0,0)
880 (0,0,0)
880.2 (0,0,0)
880.4 (0,0,0)
880.6 (0,0,0)
880.8 (0,0,0)
881 (0,0,0)
881.2 (0,0,0)
881.4 (0,0,0)
881.6 (0,0,0)
881.8 (0,0,0)
882 (0,0,0)
882.2 (0,0,0)
882.4 (0,0,0)
882.6 (0,0,0)
882.8 (0,0,0)
883 (0,0,0)
883.2 (0,0,0)
883.4 (0,0,0)
883.6 (0,0,0)
883.8 (0,0,0)
884 (0,0,0)
884.2 (0,0,0)
884.4 (0,0,0)
884.6 (0,0,0)
884.8 (0,0,0)
885 (0,0,0)
885.2 (0,0,0)
885.4 (0,0,0)
885.6 (0,0,0)
885.8 (0,0,0)
886 (0,0,0)
# Antenna 1 at (0m, -90m, -0m) (Geant4 coordinates)
483 (0,0,0)
483.2 (0,0,0)
483.4 (0,0,0)
483.6 (0,0,0)
483.8 (0,0,0)
484 (0,0,0)
484.2 (0,0,0)
484.4 (0,0,0)
484.6 (0,0,0)
484.8 (0,0,0)
485 (0,0,0)
485.2 (0,0,0)
485.4 (0,0,0)
485.6 (0,0,0)
485.8 (0,0,0)
486 (0,0,0)
486.2 (0,0,0)
486.4 (0,0,0)
486.6 (0,0,0)
486.8 (0,0,0)
487 (0,0,0)
487.2 (0,0,0)
487.4 (0,0,0)
487.6 (0,0,0)
487.8 (0,0,0)
488 (0,0,0)
488.2 (0,0,0)
488.4 (0,0,0)
488.6 (0,0,0)
488.8 (0,0,0)
489 (0,0,0)
489.2 (0,0,0)
489.4 (0,0,0)
489.6 (0,0,0)
489.8 (0,0,0)
490 (0,0,0)
490.2 (0,0,0)
490.4 (0,0,0)
490.6 (0,0,0)
490.8 (0,0,0)
491 (0,0,0)
491.2 (0,0,0)
491.4 (0,0,0)
491.6 (0,0,0)
491.8 (0,0,0)
492 (0,0,0)
492.2 (0,0,0)
492.4 (0,0,0)
492.6 (0,0,0)
492.8 (0,0,0)
493 (0,0,0)
493.2 (0,0,0)
493.4 (0,0,0)
493.6 (0,0,0)
493.8 (0,0,0)
494 (0,0,0)
494.2 (0,0,0)
494.4 (0,0,0)
494.6 (0,0,0)
494.8 (0,0,0)
495 (0,0,0)
495.2 (0,0,0)
495.4 (0,0,0)
495.6 (0,0,0)
495.8 (0,0,0)
496 (0,0,0)
496.2 (0,0,0)
496.4 (0,0,0)
496.6 (0,0,0)
496.8 (0,0,0)
497 (0,0,0)
497.2 (0,0,0)
497.4 (0,0,0)
497.6 (0,0,0)
497.8 (0,0,0)
498 (0,0,0)
498.2 (0,0,0)
498.4 (0,0,0)
498.6 (0,0,0)
498.8 (0,0,0)
499 (0,0,0)
499.2 (0,0,0)
499.4 (0,0,0)
499.6 (0,0,0)
499.8 (0,0,0)
500 (0,0,0)
500.2 (0,0,0)
500.4 (0,0,0)
500.6 (0,0,0)
500.8 (0,0,0)
501 (0,0,0)
501.2 (0,0,0)
501.4 (0,0,0)
501.6 (0,0,0)
501.8 (0,0,0)
502 (0,0,0)
502.2 (0,0,0)
502.4 (0,0,0)
502.6 (0,0,0)
502.8 (0,0,0)
503 (-1.28849689711098e-11,1.17883101575107e-13,1.26487734940817e-12)
503.2 (1.43142587088475e-11,4.4149718118496e-14,-9.56396782429027e-13)
503.4 (-2.31000448066904e-09,3.16091202264285e-11,2.79385649907534e-09)
503.6 (1.54061741605732e-09,-2.96491448726195e-11,-2.69445551173461e-09)
503.8 (2.01176954892777e-10,3.01505092963615e-12,-2.58395401700099e-10)
504 (5.53158542585147e-10,-2.98281394312706e-12,1.38194972348443e-10)
504.2 (-1.5230760080473e-12,-2.02089302837569e-13,3.77421632797016e-11)
504.4 (6.29167753831215e-15,2.78780342163255e-15,-4.35951199208367e-15)
504.6 (-1.36162362455021e-09,2.09116440051205e-12,-1.43897030926656e-09)
504.8 (1.36806447525722e-09,-2.33090832655974e-12,1.43310229651823e-09)
505 (0,0,0)
505.2 (0,0,0)
505.4 (4.47713846303514e-18,2.63404527436704e-15,-5.93542985675504e-16)
505.6 (0,0,0)
505.8 (-1.46057755250003e-11,1.70304178344463e-14,1.90209637097677e-11)
506 (3.71308840628265e-10,-3.76840576051304e-13,-2.12908291524886e-10)
506.2 (-3.68690325027332e-10,-1.32382203969741e-12,4.92034153470402e-10)
506.4 (2.41237785748652e-10,4.89442049731591e-12,-9.27319226920742e-10)
506.6 (-2.42807931402291e-10,-1.31564800686165e-12,5.96189786493722e-10)
506.8 (-1.86456703530138e-11,6.85522837170318e-13,-1.15794118957923e-10)
507 (8.21022338103744e-11,-2.72663933885187e-13,7.01308485585756e-11)
507.2 (5.58923262571693e-11,2.33897703122805e-13,1.18578040516391e-10)
507.4 (4.71975198158599e-11,-8.41918155624997e-13,-1.69626307255908e-10)
507.6 (-1.05442545205661e-10,2.08637401950373e-12,2.80198290734213e-11)
507.8 (-3.18272475226022e-10,-2.32720872326299e-12,-7.66850473594446e-11)
508 (4.0193311365347e-10,-2.29781186296121e-12,1.19649130922524e-09)
508.2 (-1.88549113041238e-10,9.42997651677034e-12,-4.37846290313769e-10)
508.4 (5.20104260043971e-10,1.86565287685505e-11,1.85552985493141e-09)
508.6 (-1.69092773131683e-10,-1.41083381403371e-11,-5.32195770454943e-09)
508.8 (-1.12887216023335e-09,-1.61651156536664e-11,4.21681128171354e-09)
509 (-1.31744921187411e-09,1.00969397196416e-11,-2.25079134987675e-09)
509.2 (2.15817209905878e-09,1.24680970184738e-12,1.17549161305048e-09)
509.4 (1.85142595544188e-09,3.83736024930963e-12,-1.62824526401487e-09)
509.6 (-2.73794181810301e-09,1.12222665307747e-11,1.86108943398583e-09)
509.8 (9.63365079922015e-10,-6.64651982967821e-12,-4.66487935329126e-10)
510 (-1.30851394495895e-10,1.58330736191959e-12,-1.94000178704139e-10)
510.2 (-3.63617613296498e-09,1.8948716233134e-11,1.11507013165601e-10)
510.4 (1.25242999519568e-09,-1.99402033580083e-11,1.23935811041275e-09)
510.6 (2.77334705849122e-09,6.93385671720879e-12,-1.1148547481305e-09)
510.8 (6.05571437177045e-11,-4.38383874516583e-12,8.46884460558603e-10)
511 (1.35307211581069e-09,1.12961888998159e-11,-1.10175761109367e-09)
511.2 (-9.69645280495991e-10,4.74227296032216e-13,-1.07145572515938e-10)
511.4 (-3.09766229245459e-10,-1.9376632389201e-13,3.24714912953024e-10)
511.6 (5.15197145175475e-10,-6.75849025990054e-12,-9.99064763309541e-10)
511.8 (1.11644859853624e-09,9.19472889127931e-12,-2.41639790937324e-10)
512 (-2.97869238444539e-09,3.8103335838139e-12,1.87930090102912e-10)
512.2 (8.81964912737972e-10,7.00205198914429e-12,1.09067821491295e-09)
512.4 (-1.68309571581352e-10,5.04388023536038e-12,8.65911333722785e-10)
512.6 (1.24980247522597e-10,-8.50087978576012e-13,-2.76163769969684e-09)
512.8 (2.18810454450324e-10,1.27093991995257e-11,7.45584523270136e-10)
513 (-1.85149944017917e-09,-6.77774062169621e-12,2.02000746993885e-09)
513.2 (2.96330539581461e-09,4.22865365247977e-11,-6.12485831615132e-09)
513.4 (-1.81452757027994e-09,-2.26493574480585e-11,-1.35310807716675e-09)
513.6 (-1.81560619908548e-09,1.11226469432203e-11,3.99919008246959e-09)
513.8 (1.32297338917592e-09,9.93776518122847e-12,2.84588032574482e-09)
514 (1.16412020587093e-08,-2.65269275228029e-11,-3.92429171222961e-09)
514.2 (1.67808112963761e-09,-7.67592672646053e-12,-3.42830718144706e-09)
514.4 (-4.35827787210685e-11,2.59326271375098e-11,1.48247031963355e-09)
514.6 (1.61601013701637e-10,1.08953881646522e-12,9.15042053487884e-10)
514.8 (-4.03731555910372e-10,5.11788359359689e-12,3.0010299341325e-09)
515 (1.03612330967647e-09,9.60533036000318e-12,-1.1650407074283e-09)
515.2 (2.15102707981657e-10,-1.66856184609997e-12,5.13105405907381e-10)
515.4 (1.55685686151089e-11,6.4140486250645e-12,5.92445812297172e-10)
515.6 (-1.29594332814171e-09,1.27802272399787e-11,5.55466388824712e-10)
515.8 (5.65096969803811e-10,-6.4308780890837e-12,-7.9499644821541e-10)
516 (1.27380152366421e-10,3.56155542537254e-13,-9.02381271573076e-11)
516.2 (1.77942366757067e-09,1.69828794962101e-11,-5.49668815215548e-10)
516.4 (-1.91231319206372e-10,-1.3398023504913e-12,1.47642283905498e-11)
516.6 (-2.25696791637219e-14,1.13050170586479e-14,-6.44513430482012e-14)
516.8 (0,0,0)
517 (0,0,0)
517.2 (0,0,0)
517.4 (0,0,0)
517.6 (4.15489215361011e-15,6.45029190456825e-16,-1.90693666235073e-16)
517.8 (0,0,0)
518 (0,0,0)
518.2 (0,0,0)
518.4 (0,0,0)
518.6 (0,0,0)
518.8 (8.28833634353718e-15,4.59152084509703e-15,1.69250976846864e-14)
519 (-1.36140972522697e-13,4.08735689007768e-14,9.92415095421027e-14)
519.2 (1.97663823067046e-11,-1.05822278845318e-12,-2.75112524044049e-11)
519.4 (4.06654913837436e-10,3.37505637595226e-12,3.5747409280551e-10)
519.6 (-4.22431944838846e-10,-2.14757581923527e-12,-3.32015251404406e-10)
519.8 (0,0,0)
520 (0,0,0)
520.2 (0,0,0)
520.4 (0,0,0)
520.6 (0,0,0)
520.8 (0,0,0)
521 (0,0,0)
521.2 (0,0,0)
521.4 (0,0,0)
521.6 (0,0,0)
521.8 (0,0,0)
522 (0,0,0)
522.2 (0,0,0)
522.4 (0,0,0)
522.6 (0,0,0)
522.8 (0,0,0)
523 (0,0,0)
523.2 (0,0,0)
523.4 (0,0,0)
523.6 (0,0,0)
523.8 (0,0,0)
524 (0,0,0)
524.2 (0,0,0)
524.4 (0,0,0)
524.6 (0,0,0)
524.8 (0,0,0)
525 (0,0,0)
525.2 (0,0,0)
525.4 (0,0,0)
525.6 (0,0,0)
525.8 (0,0,0)
526 (0,0,0)
526.2 (0,0,0)
526.4 (0,0,0)
526.6 (0,0,0)
526.8 (0,0,0)
527 (0,0,0)
527.2 (0,0,0)
527.4 (0,0,0)
527.6 (0,0,0)
527.8 (0,0,0)
528 (0,0,0)
528.2 (0,0,0)
528.4 (0,0,0)
528.6 (0,0,0)
528.8 (0,0,0)
529 (0,0,0)
529.2 (0,0,0)
529.4 (0,0,0)
529.6 (0,0,0)
529.8 (0,0,0)
530 (0,0,0)
530.2 (0,0,0)
530.4 (0,0,0)
530.6 (0,0,0)
530.8 (0,0,0)
531 (0,0,0)
531.2 (0,0,0)
531.4 (0,0,0)
531.6 (0,0,0)
531.8 (0,0,0)
532 (0,0,0)
532.2 (0,0,0)
532.4 (0,0,0)
532.6 (0,0,0)
532.8 (0,0,0)
533 (0,0,0)
533.2 (0,0,0)
533.4 (0,0,0)
533.6 (0,0,0)
533.8 (0,0,0)
534 (0,0,0)
534.2 (0,0,0)
534.4 (0,0,0)
534.6 (0,0,0)
534.8 (0,0,0)
535 (0,0,0)
535.2 (0,0,0)
535.4 (0,0,0)
535.6 (0,0,0)
535.8 (0,0,0)
536 (0,0,0)
536.2 (0,0,0)
536.4 (0,0,0)
536.6 (0,0,0)
536.8 (0,0,0)
537 (0,0,0)
537.2 (0,0,0)
537.4 (0,0,0)
537.6 (0,0,0)
537.8 (0,0,0)
538 (0,0,0)
538.2 (0,0,0)
538.4 (0,0,0)
538.6 (0,0,0)
538.8 (0,0,0)
539 (0,0,0)
539.2 (0,0,0)
539.4 (0,0,0)
539.6 (0,0,0)
539.8 (0,0,0)
540 (0,0,0)
540.2 (0,0,0)
540.4 (0,0,0)
540.6 (0,0,0)
540.8 (0,0,0)
541 (0,0,0)
541.2 (0,0,0)
541.4 (0,0,0)
541.6 (0,0,0)
541.8 (0,0,0)
542 (0,0,0)
542.2 (0,0,0)
542.4 (0,0,0)
542.6 (0,0,0)
542.8 (0,0,0)
543 (0,0,0)
543.2 (0,0,0)
543.4 (0,0,0)
543.6 (0,0,0)
543.8 (0,0,0)
544 (0,0,0)
544.2 (0,0,0)
544.4 (0,0,0)
544.6 (0,0,0)
544.8 (0,0,0)
545 (0,0,0)
545.2 (0,0,0)
545.4 (0,0,0)
545.6 (0,0,0)
545.8 (0,0,0)
546 (0,0,0)
546.2 (0,0,0)
546.4 (0,0,0)
546.6 (0,0,0)
546.8 (0,0,0)
547 (0,0,0)
547.2 (0,0,0)
547.4 (0,0,0)
547.6 (0,0,0)
547.8 (0,0,0)
548 (0,0,0)
548.2 (0,0,0)
548.4 (0,0,0)
548.6 (0,0,0)
548.8 (0,0,0)
549 (0,0,0)
549.2 (0,0,0)
549.4 (0,0,0)
549.6 (0,0,0)
549.8 (0,0,0)
550 (0,0,0)
550.2 (0,0,0)
550.4 (0,0,0)
550.6 (0,0,0)
550.8 (0,0,0)
551 (0,0,0)
551.2 (0,0,0)
551.4 (0,0,0)
551.6 (0,0,0)
551.8 (0,0,0)
552 (0,0,0)
552.2 (0,0,0)
552.4 (0,0,0)
552.6 (0,0,0)
552.8 (0,0,0)
553 (0,0,0)
553.2 (0,0,0)
553.4 (0,0,0)
553.6 (0,0,0)
553.8 (0,0,0)
554 (0,0,0)
554.2 (0,0,0)
554.4 (0,0,0)
554.6 (0,0,0)
554.8 (0,0,0)
555 (0,0,0)
555.2 (0,0,0)
555.4 (0,0,0)
555.6 (0,0,0)
555.8 (0,0,0)
556 (0,0,0)
556.2 (0,0,0)
556.4 (0,0,0)
556.6 (0,0,0)
556.8 (0,0,0)
557 (0,0,0)
557.2 (0,0,0)
557.4 (0,0,0)
557.6 (0,0,0)
557.8 (0,0,0)
558 (0,0,0)
558.2 (0,0,0)
558.4 (0,0,0)
558.6 (0,0,0)
558.8 (0,0,0)
559 (0,0,0)
559.2 (0,0,0)
559.4 (0,0,0)
559.6 (0,0,0)
559.8 (0,0,0)
560 (0,0,0)
560.2 (0,0,0)
560.4 (0,0,0)
560.6 (0,0,0)
560.8 (0,0,0)
561 (0,0,0)
561.2 (0,0,0)
561.4 (0,0,0)
561.6 (0,0,0)
561.8 (0,0,0)
562 (0,0,0)
562.2 (0,0,0)
562.4 (0,0,0)
562.6 (0,0,0)
562.8 (0,0,0)
563 (0,0,0)
563.2 (0,0,0)
563.4 (0,0,0)
563.6 (0,0,0)
563.8 (0,0,0)
564 (0,0,0)
564.2 (0,0,0)
564.4 (0,0,0)
564.6 (0,0,0)
564.8 (0,0,0)
565 (0,0,0)
565.2 (0,0,0)
565.4 (0,0,0)
565.6 (0,0,0)
565.8 (0,0,0)
566 (0,0,0)
566.2 (0,0,0)
566.4 (0,0,0)
566.6 (0,0,0)
566.8 (0,0,0)
567 (0,0,0)
567.2 (0,0,0)
567.4 (0,0,0)
567.6 (0,0,0)
567.8 (0,0,0)
568 (0,0,0)
568.2 (0,0,0)
568.4 (0,0,0)
568.6 (0,0,0)
568.8 (0,0,0)
569 (0,0,0)
569.2 (0,0,0)
569.4 (0,0,0)
569.6 (0,0,0)
569.8 (0,0,0)
570 (0,0,0)
570.2 (0,0,0)
570.4 (0,0,0)
570.6 (0,0,0)
570.8 (0,0,0)
571 (0,0,0)
571.2 (0,0,0)
571.4 (0,0,0)
571.6 (0,0,0)
571.8 (0,0,0)
572 (0,0,0)
572.2 (0,0,0)
572.4 (0,0,0)
572.6 (0,0,0)
572.8 (0,0,0)
573 (0,0,0)
573.2 (0,0,0)
573.4 (0,0,0)
573.6 (0,0,0)
573.8 (0,0,0)
574 (0,0,0)
574.2 (0,0,0)
574.4 (0,0,0)
574.6 (0,0,0)
574.8 (0,0,0)
575 (0,0,0)
575.2 (0,0,0)
575.4 (0,0,0)
575.6 (0,0,0)
575.8 (0,0,0)
576 (0,0,0)
576.2 (0,0,0)
576.4 (0,0,0)
576.6 (0,0,0)
576.8 (0,0,0)
577 (0,0,0)
577.2 (0,0,0)
577.4 (0,0,0)
577.6 (0,0,0)
577.8 (0,0,0)
578 (0,0,0)
578.2 (0,0,0)
578.4 (0,0,0)
578.6 (0,0,0)
578.8 (0,0,0)
579 (0,0,0)
579.2 (0,0,0)
579.4 (0,0,0)
579.6 (0,0,0)
579.8 (0,0,0)
580 (0,0,0)
580.2 (0,0,0)
580.4 (0,0,0)
580.6 (0,0,0)
580.8 (0,0,0)
581 (0,0,0)
581.2 (0,0,0)
581.4 (0,0,0)
581.6 (0,0,0)
581.8 (0,0,0)
582 (0,0,0)
582.2 (0,0,0)
582.4 (0,0,0)
582.6 (0,0,0)
582.8 (0,0,0)
583 (0,0,0)
583.2 (0,0,0)
583.4 (0,0,0)
583.6 (0,0,0)
583.8 (0,0,0)
584 (0,0,0)
584.2 (0,0,0)
584.4 (0,0,0)
584.6 (0,0,0)
584.8 (0,0,0)
585 (0,0,0)
585.2 (0,0,0)
585.4 (0,0,0)
585.6 (0,0,0)
585.8 (0,0,0)
586 (0,0,0)
586.2 (0,0,0)
586.4 (0,0,0)
586.6 (0,0,0)
586.8 (0,0,0)
587 (0,0,0)
587.2 (0,0,0)
587.4 (0,0,0)
587.6 (0,0,0)
587.8 (0,0,0)
588 (0,0,0)
588.2 (0,0,0)
588.4 (0,0,0)
588.6 (0,0,0)
588.8 (0,0,0)
589 (0,0,0)
589.2 (0,0,0)
589.4 (0,0,0)
589.6 (0,0,0)
589.8 (0,0,0)
590 (0,0,0)
590.2 (0,0,0)
590.4 (0,0,0)
590.6 (0,0,0)
590.8 (0,0,0)
591 (0,0,0)
591.2 (0,0,0)
591.4 (0,0,0)
591.6 (0,0,0)
591.8 (0,0,0)
592 (0,0,0)
592.2 (0,0,0)
592.4 (0,0,0)
592.6 (0,0,0)
592.8 (0,0,0)
593 (0,0,0)
593.2 (0,0,0)
593.4 (0,0,0)
593.6 (0,0,0)
593.8 (0,0,0)
594 (0,0,0)
594.2 (0,0,0)
594.4 (0,0,0)
594.6 (0,0,0)
594.8 (0,0,0)
595 (0,0,0)
595.2 (0,0,0)
595.4 (0,0,0)
595.6 (0,0,0)
595.8 (0,0,0)
596 (0,0,0)
596.2 (0,0,0)
596.4 (0,0,0)
596.6 (0,0,0)
596.8 (0,0,0)
597 (0,0,0)
597.2 (0,0,0)
597.4 (0,0,0)
597.6 (0,0,0)
597.8 (0,0,0)
598 (0,0,0)
598.2 (0,0,0)
598.4 (0,0,0)
598.6 (0,0,0)
598.8 (0,0,0)
599 (0,0,0)
599.2 (0,0,0)
599.4 (0,0,0)
599.6 (0,0,0)
599.8 (0,0,0)
600 (0,0,0)
600.2 (0,0,0)
600.4 (0,0,0)
600.6 (0,0,0)
600.8 (0,0,0)
601 (0,0,0)
601.2 (0,0,0)
601.4 (0,0,0)
601.6 (0,0,0)
601.8 (0,0,0)
602 (0,0,0)
602.2 (0,0,0)
602.4 (0,0,0)
602.6 (0,0,0)
602.8 (0,0,0)
603 (0,0,0)
603.2 (0,0,0)
603.4 (0,0,0)
603.6 (0,0,0)
603.8 (0,0,0)
604 (0,0,0)
604.2 (0,0,0)
604.4 (0,0,0)
604.6 (0,0,0)
604.8 (0,0,0)
605 (0,0,0)
605.2 (0,0,0)
605.4 (0,0,0)
605.6 (0,0,0)
605.8 (0,0,0)
606 (0,0,0)
606.2 (0,0,0)
606.4 (0,0,0)
606.6 (0,0,0)
606.8 (0,0,0)
607 (0,0,0)
607.2 (0,0,0)
607.4 (0,0,0)
607.6 (0,0,0)
607.8 (0,0,0)
608 (0,0,0)
608.2 (0,0,0)
608.4 (0,0,0)
608.6 (0,0,0)
608.8 (0,0,0)
609 (0,0,0)
609.2 (0,0,0)
609.4 (0,0,0)
609.6 (0,0,0)
609.8 (0,0,0)
610 (0,0,0)
610.2 (0,0,0)
610.4 (0,0,0)
610.6 (0,0,0)
610.8 (0,0,0)
611 (0,0,0)
611.2 (0,0,0)
611.4 (0,0,0)
611.6 (0,0,0)
611.8 (0,0,0)
612 (0,0,0)
612.2 (0,0,0)
612.4 (0,0,0)
612.6 (0,0,0)
612.8 (0,0,0)
613 (0,0,0)
613.2 (0,0,0)
613.4 (0,0,0)
613.6 (0,0,0)
613.8 (0,0,0)
614 (0,0,0)
614.2 (0,0,0)
614.4 (0,0,0)
614.6 (0,0,0)
614.8 (0,0,0)
615 (0,0,0)
615.2 (0,0,0)
615.4 (0,0,0)
615.6 (0,0,0)
615.8 (0,0,0)
616 (0,0,0)
616.2 (0,0,0)
616.4 (0,0,0)
616.6 (0,0,0)
616.8 (0,0,0)
617 (0,0,0)
617.2 (0,0,0)
617.4 (0,0,0)
617.6 (0,0,0)
617.8 (0,0,0)
618 (0,0,0)
618.2 (0,0,0)
618.4 (0,0,0)
618.6 (0,0,0)
618.8 (0,0,0)
619 (0,0,0)
619.2 (0,0,0)
619.4 (0,0,0)
619.6 (0,0,0)
619.8 (0,0,0)
620 (0,0,0)
620.2 (0,0,0)
620.4 (0,0,0)
620.6 (0,0,0)
620.8 (0,0,0)
621 (0,0,0)
621.2 (0,0,0)
621.4 (0,0,0)
621.6 (0,0,0)
621.8 (0,0,0)
622 (0,0,0)
622.2 (0,0,0)
622.4 (0,0,0)
622.6 (0,0,0)
622.8 (0,0,0)
623 (0,0,0)
623.2 (0,0,0)
623.4 (0,0,0)
623.6 (0,0,0)
623.8 (0,0,0)
624 (0,0,0)
624.2 (0,0,0)
624.4 (0,0,0)
624.6 (0,0,0)
624.8 (0,0,0)
625 (0,0,0)
625.2 (0,0,0)
625.4 (0,0,0)
625.6 (0,0,0)
625.8 (0,0,0)
626 (0,0,0)
626.2 (0,0,0)
626.4 (0,0,0)
626.6 (0,0,0)
626.8 (0,0,0)
627 (0,0,0)
627.2 (0,0,0)
627.4 (0,0,0)
627.6 (0,0,0)
627.8 (0,0,0)
628 (0,0,0)
628.2 (0,0,0)
628.4 (0,0,0)
628.6 (0,0,0)
628.8 (0,0,0)
629 (0,0,0)
629.2 (0,0,0)
629.4 (0,0,0)
629.6 (0,0,0)
629.8 (0,0,0)
630 (0,0,0)
630.2 (0,0,0)
630.4 (0,0,0)
630.6 (0,0,0)
630.8 (0,0,0)
631 (0,0,0)
631.2 (0,0,0)
631.4 (0,0,0)
631.6 (0,0,0)
631.8 (0,0,0)
632 (0,0,0)
632.2 (0,0,0)
632.4 (0,0,0)
632.6 (0,0,0)
632.8 (0,0,0)
633 (0,0,0)
633.2 (0,0,0)
633.4 (0,0,0)
633.6 (0,0,0)
633.8 (0,0,0)
634 (0,0,0)
634.2 (0,0,0)
634.4 (0,0,0)
634.6 (0,0,0)
634.8 (0,0,0)
635 (0,0,0)
635.2 (0,0,0)
635.4 (0,0,0)
635.6 (0,0,0)
635.8 (0,0,0)
636 (0,0,0)
636.2 (0,0,0)
636.4 (0,0,0)
636.6 (0,0,0)
636.8 (0,0,0)
637 (0,0,0)
637.2 (0,0,0)
637.4 (0,0,0)
637.6 (0,0,0)
637.8 (0,0,0)
638 (0,0,0)
638.2 (0,0,0)
638.4 (0,0,0)
638.6 (0,0,0)
638.8 (0,0,0)
639 (0,0,0)
639.2 (0,0,0)
639.4 (0,0,0)
639.6 (0,0,0)
639.8 (0,0,0)
640 (0,0,0)
640.2 (0,0,0)
640.4 (0,0,0)
640.6 (0,0,0)
640.8 (0,0,0)
641 (0,0,0)
641.2 (0,0,0)
641.4 (0,0,0)
641.6 (0,0,0)
641.8 (0,0,0)
642 (0,0,0)
642.2 (0,0,0)
642.4 (0,0,0)
642.6 (0,0,0)
642.8 (0,0,0)
643 (0,0,0)
643.2 (0,0,0)
643.4 (0,0,0)
643.6 (0,0,0)
643.8 (0,0,0)
644 (0,0,0)
644.2 (0,0,0)
644.4 (0,0,0)
644.6 (0,0,0)
644.8 (0,0,0)
645 (0,0,0)
645.2 (0,0,0)
645.4 (0,0,0)
645.6 (0,0,0)
645.8 (0,0,0)
646 (0,0,0)
646.2 (0,0,0)
646.4 (0,0,0)
646.6 (0,0,0)
646.8 (0,0,0)
647 (0,0,0)
647.2 (0,0,0)
647.4 (0,0,0)
647.6 (0,0,0)
647.8 (0,0,0)
648 (0,0,0)
648.2 (0,0,0)
648.4 (0,0,0)
648.6 (0,0,0)
648.8 (0,0,0)
649 (0,0,0)
649.2 (0,0,0)
649.4 (0,0,0)
649.6 (0,0,0)
649.8 (0,0,0)
650 (0,0,0)
650.2 (0,0,0)
650.4 (0,0,0)
650.6 (0,0,0)
650.8 (0,0,0)
651 (0,0,0)
651.2 (0,0,0)
651.4 (0,0,0)
651.6 (0,0,0)
651.8 (0,0,0)
652 (0,0,0)
652.2 (0,0,0)
652.4 (0,0,0)
652.6 (0,0,0)
652.8 (0,0,0)
653 (0,0,0)
653.2 (0,0,0)
653.4 (0,0,0)
653.6 (0,0,0)
653.8 (0,0,0)
654 (0,0,0)
654.2 (0,0,0)
654.4 (0,0,0)
654.6 (0,0,0)
654.8 (0,0,0)
655 (0,0,0)
655.2 (0,0,0)
655.4 (0,0,0)
655.6 (0,0,0)
655.8 (0,0,0)
656 (0,0,0)
656.2 (0,0,0)
656.4 (0,0,0)
656.6 (0,0,0)
656.8 (0,0,0)
657 (0,0,0)
657.2 (0,0,0)
657.4 (0,0,0)
657.6 (0,0,0)
657.8 (0,0,0)
658 (0,0,0)
658.2 (0,0,0)
658.4 (0,0,0)
658.6 (0,0,0)
658.8 (0,0,0)
659 (0,0,0)
659.2 (0,0,0)
659.4 (0,0,0)
659.6 (0,0,0)
659.8 (0,0,0)
660 (0,0,0)
660.2 (0,0,0)
660.4 (0,0,0)
660.6 (0,0,0)
660.8 (0,0,0)
661 (0,0,0)
661.2 (0,0,0)
661.4 (0,0,0)
661.6 (0,0,0)
661.8 (0,0,0)
662 (0,0,0)
662.2 (0,0,0)
662.4 (0,0,0)
662.6 (0,0,0)
662.8 (0,0,0)
663 (0,0,0)
663.2 (0,0,0)
663.4 (0,0,0)
663.6 (0,0,0)
663.8 (0,0,0)
664 (0,0,0)
664.2 (0,0,0)
664.4 (0,0,0)
664.6 (0,0,0)
664.8 (0,0,0)
665 (0,0,0)
665.2 (0,0,0)
665.4 (0,0,0)
665.6 (0,0,0)
665.8 (0,0,0)
666 (0,0,0)
666.2 (0,0,0)
666.4 (0,0,0)
666.6 (0,0,0)
666.8 (0,0,0)
667 (0,0,0)
667.2 (0,0,0)
667.4 (0,0,0)
667.6 (0,0,0)
667.8 (0,0,0)
668 (0,0,0)
668.2 (0,0,0)
668.4 (0,0,0)
668.6 (0,0,0)
668.8 (0,0,0)
669 (0,0,0)
669.2 (0,0,0)
669.4 (0,0,0)
669.6 (0,0,0)
669.8 (0,0,0)
670 (0,0,0)
670.2 (0,0,0)
670.4 (0,0,0)
670.6 (0,0,0)
670.8 (0,0,0)
671 (0,0,0)
671.2 (0,0,0)
671.4 (0,0,0)
671.6 (0,0,0)
671.8 (0,0,0)
672 (0,0,0)
672.2 (0,0,0)
672.4 (0,0,0)
672.6 (0,0,0)
672.8 (0,0,0)
673 (0,0,0)
673.2 (0,0,0)
673.4 (0,0,0)
673.6 (0,0,0)
673.8 (0,0,0)
674 (0,0,0)
674.2 (0,0,0)
674.4 (0,0,0)
674.6 (0,0,0)
674.8 (0,0,0)
675 (0,0,0)
675.2 (0,0,0)
675.4 (0,0,0)
675.6 (0,0,0)
675.8 (0,0,0)
676 (0,0,0)
676.2 (0,0,0)
676.4 (0,0,0)
676.6 (0,0,0)
676.8 (0,0,0)
677 (0,0,0)
677.2 (0,0,0)
677.4 (0,0,0)
677.6 (0,0,0)
677.8 (0,0,0)
678 (0,0,0)
678.2 (0,0,0)
678.4 (0,0,0)
678.6 (0,0,0)
678.8 (0,0,0)
679 (0,0,0)
679.2 (0,0,0)
679.4 (0,0,0)
679.6 (0,0,0)
679.8 (0,0,0)
680 (0,0,0)
680.2 (0,0,0)
680.4 (0,0,0)
680.6 (0,0,0)
680.8 (0,0,0)
681 (0,0,0)
681.2 (0,0,0)
681.4 (0,0,0)
681.6 (0,0,0)
681.8 (0,0,0)
682 (0,0,0)
682.2 (0,0,0)
682.4 (0,0,0)
682.6 (0,0,0)
682.8 (0,0,0)
683 (0,0,0)
683.2 (0,0,0)
683.4 (0,0,0)
683.6 (0,0,0)
683.8 (0,0,0)
684 (0,0,0)
684.2 (0,0,0)
684.4 (0,0,0)
684.6 (0,0,0)
684.8 (0,0,0)
685 (0,0,0)
685.2 (0,0,0)
685.4 (0,0,0)
685.6 (0,0,0)
685.8 (0,0,0)
686 (0,0,0)
686.2 (0,0,0)
686.4 (0,0,0)
686.6 (0,0,0)
686.8 (0,0,0)
687 (0,0,0)
687.2 (0,0,0)
687.4 (0,0,0)
687.6 (0,0,0)
687.8 (0,0,0)
688 (0,0,0)
688.2 (0,0,0)
688.4 (0,0,0)
688.6 (0,0,0)
688.8 (0,0,0)
689 (0,0,0)
689.2 (0,0,0)
689.4 (0,0,0)
689.6 (0,0,0)
689.8 (0,0,0)
690 (0,0,0)
690.2 (0,0,0)
690.4 (0,0,0)
690.6 (0,0,0)
690.8 (0,0,0)
691 (0,0,0)
691.2 (0,0,0)
691.4 (0,0,0)
691.6 (0,0,0)
691.8 (0,0,0)
692 (0,0,0)
692.2 (0,0,0)
692.4 (0,0,0)
692.6 (0,0,0)
692.8 (0,0,0)
693 (0,0,0)
693.2 (0,0,0)
693.4 (0,0,0)
693.6 (0,0,0)
693.8 (0,0,0)
694 (0,0,0)
694.2 (0,0,0)
694.4 (0,0,0)
694.6 (0,0,0)
694.8 (0,0,0)
695 (0,0,0)
695.2 (0,0,0)
695.4 (0,0,0)
695.6 (0,0,0)
695.8 (0,0,0)
696 (0,0,0)
696.2 (0,0,0)
696.4 (0,0,0)
696.6 (0,0,0)
696.8 (0,0,0)
697 (0,0,0)
697.2 (0,0,0)
697.4 (0,0,0)
697.6 (0,0,0)
697.8 (0,0,0)
698 (0,0,0)
698.2 (0,0,0)
698.4 (0,0,0)
698.6 (0,0,0)
698.8 (0,0,0)
699 (0,0,0)
699.2 (0,0,0)
699.4 (0,0,0)
699.6 (0,0,0)
699.8 (0,0,0)
700 (0,0,0)
700.2 (0,0,0)
700.4 (0,0,0)
700.6 (0,0,0)
700.8 (0,0,0)
701 (0,0,0)
701.2 (0,0,0)
701.4 (0,0,0)
701.6 (0,0,0)
701.8 (0,0,0)
702 (0,0,0)
702.2 (0,0,0)
702.4 (0,0,0)
702.6 (0,0,0)
702.8 (0,0,0)
703 (0,0,0)
703.2 (0,0,0)
703.4 (0,0,0)
703.6 (0,0,0)
703.8 (0,0,0)
704 (0,0,0)
704.2 (0,0,0)
704.4 (0,0,0)
704.6 (0,0,0)
704.8 (0,0,0)
705 (0,0,0)
705.2 (0,0,0)
705.4 (0,0,0)
705.6 (0,0,0)
705.8 (0,0,0)
706 (0,0,0)
706.2 (0,0,0)
706.4 (0,0,0)
706.6 (0,0,0)
706.8 (0,0,0)
707 (0,0,0)
707.2 (0,0,0)
707.4 (0,0,0)
707.6 (0,0,0)
707.8 (0,0,0)
708 (0,0,0)
708.2 (0,0,0)
708.4 (0,0,0)
708.6 (0,0,0)
708.8 (0,0,0)
709 (0,0,0)
709.2 (0,0,0)
709.4 (0,0,0)
709.6 (0,0,0)
709.8 (0,0,0)
710 (0,0,0)
710.2 (0,0,0)
710.4 (0,0,0)
710.6 (0,0,0)
710.8 (0,0,0)
711 (0,0,0)
711.2 (0,0,0)
711.4 (0,0,0)
711.6 (0,0,0)
711.8 (0,0,0)
712 (0,0,0)
712.2 (0,0,0)
712.4 (0,0,0)
712.6 (0,0,0)
712.8 (0,0,0)
713 (0,0,0)
713.2 (0,0,0)
713.4 (0,0,0)
713.6 (0,0,0)
713.8 (0,0,0)
714 (0,0,0)
714.2 (0,0,0)
714.4 (0,0,0)
714.6 (0,0,0)
714.8 (0,0,0)
715 (0,0,0)
715.2 (0,0,0)
715.4 (0,0,0)
715.6 (0,0,0)
715.8 (0,0,0)
716 (0,0,0)
716.2 (0,0,0)
716.4 (0,0,0)
716.6 (0,0,0)
716.8 (0,0,0)
717 (0,0,0)
717.2 (0,0,0)
717.4 (0,0,0)
717.6 (0,0,0)
717.8 (0,0,0)
718 (0,0,0)
718.2 (0,0,0)
718.4 (0,0,0)
718.6 (0,0,0)
718.8 (0,0,0)
719 (0,0,0)
719.2 (0,0,0)
719.4 (0,0,0)
719.6 (0,0,0)
719.8 (0,0,0)
720 (0,0,0)
720.2 (0,0,0)
720.4 (0,0,0)
720.6 (0,0,0)
720.8 (0,0,0)
721 (0,0,0)
721.2 (0,0,0)
721.4 (0,0,0)
721.6 (0,0,0)
721.8 (0,0,0)
722 (0,0,0)
722.2 (0,0,0)
722.4 (0,0,0)
722.6 (0,0,0)
722.8 (0,0,0)
723 (0,0,0)
723.2 (0,0,0)
723.4 (0,0,0)
723.6 (0,0,0)
723.8 (0,0,0)
724 (0,0,0)
724.2 (0,0,0)
724.4 (0,0,0)
724.6 (0,0,0)
724.8 (0,0,0)
725 (0,0,0)
725.2 (0,0,0)
725.4 (0,0,0)
725.6 (0,0,0)
725.8 (0,0,0)
726 (0,0,0)
726.2 (0,0,0)
726.4 (0,0,0)
726.6 (0,0,0)
726.8 (0,0,0)
727 (0,0,0)
727.2 (0,0,0)
727.4 (0,0,0)
727.6 (0,0,0)
727.8 (0,0,0)
728 (0,0,0)
728.2 (0,0,0)
728.4 (0,0,0)
728.6 (0,0,0)
728.8 (0,0,0)
729 (0,0,0)
729.2 (0,0,0)
729.4 (0,0,0)
729.6 (0,0,0)
729.8 (0,0,0)
730 (0,0,0)
730.2 (0,0,0)
730.4 (0,0,0)
730.6 (0,0,0)
730.8 (0,0,0)
731 (0,0,0)
731.2 (0,0,0)
731.4 (0,0,0)
731.6 (0,0,0)
731.8 (0,0,0)
732 (0,0,0)
732.2 (0,0,0)
732.4 (0,0,0)
732.6 (0,0,0)
732.8 (0,0,0)
733 (0,0,0)
733.2 (0,0,0)
733.4 (0,0,0)
733.6 (0,0,0)
733.8 (0,0,0)
734 (0,0,0)
734.2 (0,0,0)
734.4 (0,0,0)
734.6 (0,0,0)
734.8 (0,0,0)
735 (0,0,0)
735.2 (0,0,0)
735.4 (0,0,0)
735.6 (0,0,0)
735.8 (0,0,0)
736 (0,0,0)
736.2 (0,0,0)
736.4 (0,0,0)
736.6 (0,0,0)
736.8 (0,0,0)
737 (0,0,0)
737.2 (0,0,0)
737.4 (0,0,0)
737.6 (0,0,0)
737.8 (0,0,0)
738 (0,0,0)
738.2 (0,0,0)
738.4 (0,0,0)
738.6 (0,0,0)
738.8 (0,0,0)
739 (0,0,0)
739.2 (0,0,0)
739.4 (0,0,0)
739.6 (0,0,0)
739.8 (0,0,0)
740 (0,0,0)
740.2 (0,0,0)
740.4 (0,0,0)
740.6 (0,0,0)
740.8 (0,0,0)
741 (0,0,0)
741.2 (0,0,0)
741.4 (0,0,0)
741.6 (0,0,0)
741.8 (0,0,0)
742 (0,0,0)
742.2 (0,0,0)
742.4 (0,0,0)
742.6 (0,0,0)
742.8 (0,0,0)
743 (0,0,0)
743.2 (0,0,0)
743.4 (0,0,0)
743.6 (0,0,0)
743.8 (0,0,0)
744 (0,0,0)
744.2 (0,0,0)
744.4 (0,0,0)
744.6 (0,0,0)
744.8 (0,0,0)
745 (0,0,0)
745.2 (0,0,0)
745.4 (0,0,0)
745.6 (0,0,0)
745.8 (0,0,0)
746 (0,0,0)
746.2 (0,0,0)
746.4 (0,0,0)
746.6 (0,0,0)
746.8 (0,0,0)
747 (0,0,0)
747.2 (0,0,0)
747.4 (0,0,0)
747.6 (0,0,0)
747.8 (0,0,0)
748 (0,0,0)
748.2 (0,0,0)
748.4 (0,0,0)
748.6 (0,0,0)
748.8 (0,0,0)
749 (0,0,0)
749.2 (0,0,0)
749.4 (0,0,0)
749.6 (0,0,0)
749.8 (0,0,0)
750 (0,0,0)
750.2 (0,0,0)
750.4 (0,0,0)
750.6 (0,0,0)
750.8 (0,0,0)
751 (0,0,0)
751.2 (0,0,0)
751.4 (0,0,0)
751.6 (0,0,0)
751.8 (0,0,0)
752 (0,0,0)
752.2 (0,0,0)
752.4 (0,0,0)
752.6 (0,0,0)
752.8 (0,0,0)
753 (0,0,0)
753.2 (0,0,0)
753.4 (0,0,0)
753.6 (0,0,0)
753.8 (0,0,0)
754 (0,0,0)
754.2 (0,0,0)
754.4 (0,0,0)
754.6 (0,0,0)
754.8 (0,0,0)
755 (0,0,0)
755.2 (0,0,0)
755.4 (0,0,0)
755.6 (0,0,0)
755.8 (0,0,0)
756 (0,0,0)
756.2 (0,0,0)
756.4 (0,0,0)
756.6 (0,0,0)
756.8 (0,0,0)
757 (0,0,0)
757.2 (0,0,0)
757.4 (0,0,0)
757.6 (0,0,0)
757.8 (0,0,0)
758 (0,0,0)
758.2 (0,0,0)
758.4 (0,0,0)
758.6 (0,0,0)
758.8 (0,0,0)
759 (0,0,0)
759.2 (0,0,0)
759.4 (0,0,0)
759.6 (0,0,0)
759.8 (0,0,0)
760 (0,0,0)
760.2 (0,0,0)
760.4 (0,0,0)
760.6 (0,0,0)
760.8 (0,0,0)
761 (0,0,0)
761.2 (0,0,0)
761.4 (0,0,0)
761.6 (0,0,0)
761.8 (0,0,0)
762 (0,0,0)
762.2 (0,0,0)
762.4 (0,0,0)
762.6 (0,0,0)
762.8 (0,0,0)
763 (0,0,0)
763.2 (0,0,0)
763.4 (0,0,0)
763.6 (0,0,0)
763.8 (0,0,0)
764 (0,0,0)
764.2 (0,0,0)
764.4 (0,0,0)
764.6 (0,0,0)
764.8 (0,0,0)
765 (0,0,0)
765.2 (0,0,0)
765.4 (0,0,0)
765.6 (0,0,0)
765.8 (0,0,0)
766 (0,0,0)
766.2 (0,0,0)
766.4 (0,0,0)
766.6 (0,0,0)
766.8 (0,0,0)
767 (0,0,0)
767.2 (0,0,0)
767.4 (0,0,0)
767.6 (0,0,0)
767.8 (0,0,0)
768 (0,0,0)
768.2 (0,0,0)
768.4 (0,0,0)
768.6 (0,0,0)
768.8 (0,0,0)
769 (0,0,0)
769.2 (0,0,0)
769.4 (0,0,0)
769.6 (0,0,0)
769.8 (0,0,0)
770 (0,0,0)
770.2 (0,0,0)
770.4 (0,0,0)
770.6 (0,0,0)
770.8 (0,0,0)
771 (0,0,0)
771.2 (0,0,0)
771.4 (0,0,0)
771.6 (0,0,0)
771.8 (0,0,0)
772 (0,0,0)
772.2 (0,0,0)
772.4 (0,0,0)
772.6 (0,0,0)
772.8 (0,0,0)
773 (0,0,0)
773.2 (0,0,0)
773.4 (0,0,0)
773.6 (0,0,0)
773.8 (0,0,0)
774 (0,0,0)
774.2 (0,0,0)
774.4 (0,0,0)
774.6 (0,0,0)
774.8 (0,0,0)
775 (0,0,0)
775.2 (0,0,0)
775.4 (0,0,0)
775.6 (0,0,0)
775.8 (0,0,0)
776 (0,0,0)
776.2 (0,0,0)
776.4 (0,0,0)
776.6 (0,0,0)
776.8 (0,0,0)
777 (0,0,0)
777.2 (0,0,0)
777.4 (0,0,0)
777.6 (0,0,0)
777.8 (0,0,0)
778 (0,0,0)
778.2 (0,0,0)
778.4 (0,0,0)
778.6 (0,0,0)
778.8 (0,0,0)
779 (0,0,0)
779.2 (0,0,0)
779.4 (0,0,0)
779.6 (0,0,0)
779.8 (0,0,0)
780 (0,0,0)
780.2 (0,0,0)
780.4 (0,0,0)
780.6 (0,0,0)
780.8 (0,0,0)
781 (0,0,0)
781.2 (0,0,0)
781.4 (0,0,0)
781.6 (0,0,0)
781.8 (0,0,0)
782 (0,0,0)
782.2 (0,0,0)
782.4 (0,0,0)
782.6 (0,0,0)
782.8 (0,0,0)
783 (0,0,0)
783.2 (0,0,0)
783.4 (0,0,0)
783.6 (0,0,0)
783.8 (0,0,0)
784 (0,0,0)
784.2 (0,0,0)
784.4 (0,0,0)
784.6 (0,0,0)
784.8 (0,0,0)
785 (0,0,0)
785.2 (0,0,0)
785.4 (0,0,0)
785.6 (0,0,0)
785.8 (0,0,0)
786 (0,0,0)
786.2 (0,0,0)
786.4 (0,0,0)
786.6 (0,0,0)
786.8 (0,0,0)
787 (0,0,0)
787.2 (0,0,0)
787.4 (0,0,0)
787.6 (0,0,0)
787.8 (0,0,0)
788 (0,0,0)
788.2 (0,0,0)
788.4 (0,0,0)
788.6 (0,0,0)
788.8 (0,0,0)
789 (0,0,0)
789.2 (0,0,0)
789.4 (0,0,0)
789.6 (0,0,0)
789.8 (0,0,0)
790 (0,0,0)
790.2 (0,0,0)
790.4 (0,0,0)
790.6 (0,0,0)
790.8 (0,0,0)
791 (0,0,0)
791.2 (0,0,0)
791.4 (0,0,0)
791.6 (0,0,0)
791.8 (0,0,0)
792 (0,0,0)
792.2 (0,0,0)
792.4 (0,0,0)
792.6 (0,0,0)
792.8 (0,0,0)
793 (0,0,0)
793.2 (0,0,0)
793.4 (0,0,0)
793.6 (0,0,0)
793.8 (0,0,0)
794 (0,0,0)
794.2 (0,0,0)
794.4 (0,0,0)
794.6 (0,0,0)
794.8 (0,0,0)
795 (0,0,0)
795.2 (0,0,0)
795.4 (0,0,0)
795.6 (0,0,0)
795.8 (0,0,0)
796 (0,0,0)
796.2 (0,0,0)
796.4 (0,0,0)
796.6 (0,0,0)
796.8 (0,0,0)
797 (0,0,0)
797.2 (0,0,0)
797.4 (0,0,0)
797.6 (0,0,0)
797.8 (0,0,0)
798 (0,0,0)
798.2 (0,0,0)
798.4 (0,0,0)
798.6 (0,0,0)
798.8 (0,0,0)
799 (0,0,0)
799.2 (0,0,0)
799.4 (0,0,0)
799.6 (0,0,0)
799.8 (0,0,0)
800 (0,0,0)
800.2 (0,0,0)
800.4 (0,0,0)
800.6 (0,0,0)
800.8 (0,0,0)
801 (0,0,0)
801.2 (0,0,0)
801.4 (0,0,0)
801.6 (0,0,0)
801.8 (0,0,0)
802 (0,0,0)
802.2 (0,0,0)
802.4 (0,0,0)
802.6 (0,0,0)
802.8 (0,0,0)
803 (0,0,0)
803.2 (0,0,0)
803.4 (0,0,0)
803.6 (0,0,0)
803.8 (0,0,0)
804 (0,0,0)
804.2 (0,0,0)
804.4 (0,0,0)
804.6 (0,0,0)
804.8 (0,0,0)
805 (0,0,0)
805.2 (0,0,0)
805.4 (0,0,0)
805.6 (0,0,0)
805.8 (0,0,0)
806 (0,0,0)
806.2 (0,0,0)
806.4 (0,0,0)
806.6 (0,0,0)
806.8 (0,0,0)
807 (0,0,0)
807.2 (0,0,0)
807.4 (0,0,0)
807.6 (0,0,0)
807.8 (0,0,0)
808 (0,0,0)
808.2 (0,0,0)
808.4 (0,0,0)
808.6 (0,0,0)
808.8 (0,0,0)
809 (0,0,0)
809.2 (0,0,0)
809.4 (0,0,0)
809.6 (0,0,0)
809.8 (0,0,0)
810 (0,0,0)
810.2 (0,0,0)
810.4 (0,0,0)
810.6 (0,0,0)
810.8 (0,0,0)
811 (0,0,0)
811.2 (0,0,0)
811.4 (0,0,0)
811.6 (0,0,0)
811.8 (0,0,0)
812 (0,0,0)
812.2 (0,0,0)
812.4 (0,0,0)
812.6 (0,0,0)
812.8 (0,0,0)
813 (0,0,0)
813.2 (0,0,0)
813.4 (0,0,0)
813.6 (0,0,0)
813.8 (0,0,0)
814 (0,0,0)
814.2 (0,0,0)
814.4 (0,0,0)
814.6 (0,0,0)
814.8 (0,0,0)
815 (0,0,0)
815.2 (0,0,0)
815.4 (0,0,0)
815.6 (0,0,0)
815.8 (0,0,0)
816 (0,0,0)
816.2 (0,0,0)
816.4 (0,0,0)
816.6 (0,0,0)
816.8 (0,0,0)
817 (0,0,0)
817.2 (0,0,0)
817.4 (0,0,0)
817.6 (0,0,0)
817.8 (0,0,0)
818 (0,0,0)
818.2 (0,0,0)
818.4 (0,0,0)
818.6 (0,0,0)
818.8 (0,0,0)
819 (0,0,0)
819.2 (0,0,0)
819.4 (0,0,0)
819.6 (0,0,0)
819.8 (0,0,0)
820 (0,0,0)
820.2 (0,0,0)
820.4 (0,0,0)
820.6 (0,0,0)
820.8 (0,0,0)
821 (0,0,0)
821.2 (0,0,0)
821.4 (0,0,0)
821.6 (0,0,0)
821.8 (0,0,0)
822 (0,0,0)
822.2 (0,0,0)
822.4 (0,0,0)
822.6 (0,0,0)
822.8 (0,0,0)
823 (0,0,0)
823.2 (0,0,0)
823.4 (0,0,0)
823.6 (0,0,0)
823.8 (0,0,0)
824 (0,0,0)
824.2 (0,0,0)
824.4 (0,0,0)
824.6 (0,0,0)
824.8 (0,0,0)
825 (0,0,0)
825.2 (0,0,0)
825.4 (0,0,0)
825.6 (0,0,0)
825.8 (0,0,0)
826 (0,0,0)
826.2 (0,0,0)
826.4 (0,0,0)
826.6 (0,0,0)
826.8 (0,0,0)
827 (0,0,0)
827.2 (0,0,0)
827.4 (0,0,0)
827.6 (0,0,0)
827.8 (0,0,0)
828 (0,0,0)
828.2 (0,0,0)
828.4 (0,0,0)
828.6 (0,0,0)
828.8 (0,0,0)
829 (0,0,0)
829.2 (0,0,0)
829.4 (0,0,0)
829.6 (0,0,0)
829.8 (0,0,0)
830 (0,0,0)
830.2 (0,0,0)
830.4 (0,0,0)
830.6 (0,0,0)
830.8 (0,0,0)
831 (0,0,0)
831.2 (0,0,0)
831.4 (0,0,0)
831.6 (0,0,0)
831.8 (0,0,0)
832 (0,0,0)
832.2 (0,0,0)
832.4 (0,0,0)
832.6 (0,0,0)
832.8 (0,0,0)
833 (0,0,0)
833.2 (0,0,0)
833.4 (0,0,0)
833.6 (0,0,0)
833.8 (0,0,0)
834 (0,0,0)
834.2 (0,0,0)
834.4 (0,0,0)
834.6 (0,0,0)
834.8 (0,0,0)
835 (0,0,0)
835.2 (0,0,0)
835.4 (0,0,0)
835.6 (0,0,0)
835.8 (0,0,0)
836 (0,0,0)
836.2 (0,0,0)
836.4 (0,0,0)
836.6 (0,0,0)
836.8 (0,0,0)
837 (0,0,0)
837.2 (0,0,0)
837.4 (0,0,0)
837.6 (0,0,0)
837.8 (0,0,0)
838 (0,0,0)
838.2 (0,0,0)
838.4 (0,0,0)
838.6 (0,0,0)
838.8 (0,0,0)
839 (0,0,0)
839.2 (0,0,0)
839.4 (0,0,0)
839.6 (0,0,0)
839.8 (0,0,0)
840 (0,0,0)
840.2 (0,0,0)
840.4 (0,0,0)
840.6 (0,0,0)
840.8 (0,0,0)
841 (0,0,0)
841.2 (0,0,0)
841.4 (0,0,0)
841.6 (0,0,0)
841.8 (0,0,0)
842 (0,0,0)
842.2 (0,0,0)
842.4 (0,0,0)
842.6 (0,0,0)
842.8 (0,0,0)
843 (0,0,0)
843.2 (0,0,0)
843.4 (0,0,0)
843.6 (0,0,0)
843.8 (0,0,0)
844 (0,0,0)
844.2 (0,0,0)
844.4 (0,0,0)
844.6 (0,0,0)
844.8 (0,0,0)
845 (0,0,0)
845.2 (0,0,0)
845.4 (0,0,0)
845.6 (0,0,0)
845.8 (0,0,0)
846 (0,0,0)
846.2 (0,0,0)
846.4 (0,0,0)
846.6 (0,0,0)
846.8 (0,0,0)
847 (0,0,0)
847.2 (0,0,0)
847.4 (0,0,0)
847.6 (0,0,0)
847.8 (0,0,0)
848 (0,0,0)
848.2 (0,0,0)
848.4 (0,0,0)
848.6 (0,0,0)
848.8 (0,0,0)
849 (0,0,0)
849.2 (0,0,0)
849.4 (0,0,0)
849.6 (0,0,0)
849.8 (0,0,0)
850 (0,0,0)
850.2 (0,0,0)
850.4 (0,0,0)
850.6 (0,0,0)
850.8 (0,0,0)
851 (0,0,0)
851.2 (0,0,0)
851.4 (0,0,0)
851.6 (0,0,0)
851.8 (0,0,0)
852 (0,0,0)
852.2 (0,0,0)
852.4 (0,0,0)
852.6 (0,0,0)
852.8 (0,0,0)
853 (0,0,0)
853.2 (0,0,0)
853.4 (0,0,0)
853.6 (0,0,0)
853.8 (0,0,0)
854 (0,0,0)
854.2 (0,0,0)
854.4 (0,0,0)
854.6 (0,0,0)
854.8 (0,0,0)
855 (0,0,0)
855.2 (0,0,0)
855.4 (0,0,0)
855.6 (0,0,0)
855.8 (0,0,0)
856 (0,0,0)
856.2 (0,0,0)
856.4 (0,0,0)
856.6 (0,0,0)
856.8 (0,0,0)
857 (0,0,0)
857.2 (0,0,0)
857.4 (0,0,0)
857.6 (0,0,0)
857.8 (0,0,0)
858 (0,0,0)
858.2 (0,0,0)
858.4 (0,0,0)
858.6 (0,0,0)
858.8 (0,0,0)
859 (0,0,0)
859.2 (0,0,0)
859.4 (0,0,0)
859.6 (0,0,0)
859.8 (0,0,0)
860 (0,0,0)
860.2 (0,0,0)
860.4 (0,0,0)
860.6 (0,0,0)
860.8 (0,0,0)
861 (0,0,0)
861.2 (0,0,0)
861.4 (0,0,0)
861.6 (0,0,0)
861.8 (0,0,0)
862 (0,0,0)
862.2 (0,0,0)
862.4 (0,0,0)
862.6 (0,0,0)
862.8 (0,0,0)
863 (0,0,0)
863.2 (0,0,0)
863.4 (0,0,0)
863.6 (0,0,0)
863.8 (0,0,0)
864 (0,0,0)
864.2 (0,0,0)
864.4 (0,0,0)
864.6 (0,0,0)
864.8 (0,0,0)
865 (0,0,0)
865.2 (0,0,0)
865.4 (0,0,0)
865.6 (0,0,0)
865.8 (0,0,0)
866 (0,0,0)
866.2 (0,0,0)
866.4 (0,0,0)
866.6 (0,0,0)
866.8 (0,0,0)
867 (0,0,0)
867.2 (0,0,0)
867.4 (0,0,0)
867.6 (0,0,0)
867.8 (0,0,0)
868 (0,0,0)
868.2 (0,0,0)
868.4 (0,0,0)
868.6 (0,0,0)
868.8 (0,0,0)
869 (0,0,0)
869.2 (0,0,0)
869.4 (0,0,0)
869.6 (0,0,0)
869.8 (0,0,0)
870 (0,0,0)
870.2 (0,0,0)
870.4 (0,0,0)
870.6 (0,0,0)
870.8 (0,0,0)
871 (0,0,0)
871.2 (0,0,0)
871.4 (0,0,0)
871.6 (0,0,0)
871.8 (0,0,0)
872 (0,0,0)
872.2 (0,0,0)
872.4 (0,0,0)
872.6 (0,0,0)
872.8 (0,0,0)
873 (0,0,0)
873.2 (0,0,0)
873.4 (0,0,0)
873.6 (0,0,0)
873.8 (0,0,0)
874 (0,0,0)
874.2 (0,0,0)
874.4 (0,0,0)
874.6 (0,0,0)
874.8 (0,0,0)
875 (0,0,0)
875.2 (0,0,0)
875.4 (0,0,0)
875.6 (0,0,0)
875.8 (0,0,0)
876 (0,0,0)
876.2 (0,0,0)
876.4 (0,0,0)
876.6 (0,0,0)
876.8 (0,0,0)
877 (0,0,0)
877.2 (0,0,0)
877.4 (0,0,0)
877.6 (0,0,0)
877.8 (0,0,0)
878 (0,0,0)
878.2 (0,0,0)
878.4 (0,0,0)
878.6 (0,0,0)
878.8 (0,0,0)
879 (0,0,0)
879.2 (0,0,0)
879.4 (0,0,0)
879.6 (0,0,0)
879.8 (0,0,0)
880 (0,0,0)
880.2 (0,0,0)
880.4 (0,0,0)
880.6 (0,0,0)
880.8 (0,0,0)
881 (0,0,0)
881.2 (0,0,0)
881.4 (0,0,0)
881.6 (0,0,0)
881.8 (0,0,0)
882 (0,0,0)
882.2 (0,0,0)
882.4 (0,0,0)
882.6 (0,0,0)
882.8 (0,0,0)
883 (0,0,0)
# Antenna 2 at (0m, -90m, -10m) (Geant4 coordinates)
485.6 (0,0,0)
485.8 (0,0,0)
486 (0,0,0)
486.2 (0,0,0)
486.4 (0,0,0)
486.6 (0,0,0)
486.8 (0,0,0)
487 (0,0,0)
487.2 (0,0,0)
487.4 (0,0,0)
487.6 (0,0,0)
487.8 (0,0,0)
488 (0,0,0)
488.2 (0,0,0)
488.4 (0,0,0)
488.6 (0,0,0)
488.8 (0,0,0)
489 (0,0,0)
489.2 (0,0,0)
489.4 (0,0,0)
489.6 (0,0,0)
489.8 (0,0,0)
490 (0,0,0)
490.2 (0,0,0)
490.4 (0,0,0)
490.6 (0,0,0)
490.8 (0,0,0)
491 (0,0,0)
491.2 (0,0,0)
491.4 (0,0,0)
491.6 (0,0,0)
491.8 (0,0,0)
492 (0,0,0)
492.2 (0,0,0)
492.4 (0,0,0)
492.6 (0,0,0)
492.8 (0,0,0)
493 (0,0,0)
493.2 (0,0,0)
493.4 (0,0,0)
493.6 (0,0,0)
493.8 (0,0,0)
494 (0,0,0)
494.2 (0,0,0)
494.4 (0,0,0)
494.6 (0,0,0)
494.8 (0,0,0)
495 (0,0,0)
495.2 (0,0,0)
495.4 (0,0,0)
495.6 (0,0,0)
495.8 (0,0,0)
496 (0,0,0)
496.2 (0,0,0)
496.4 (0,0,0)
496.6 (0,0,0)
496.8 (0,0,0)
497 (0,0,0)
497.2 (0,0,0)
497.4 (0,0,0)
497.6 (0,0,0)
497.8 (0,0,0)
498 (0,0,0)
498.2 (0,0,0)
498.4 (0,0,0)
498.6 (0,0,0)
498.8 (0,0,0)
499 (0,0,0)
499.2 (0,0,0)
499.4 (0,0,0)
499.6 (0,0,0)
499.8 (0,0,0)
500 (0,0,0)
500.2 (0,0,0)
500.4 (0,0,0)
500.6 (0,0,0)
500.8 (0,0,0)
501 (0,0,0)
501.2 (0,0,0)
501.4 (0,0,0)
501.6 (0,0,0)
501.8 (0,0,0)
502 (0,0,0)
502.2 (0,0,0)
502.4 (0,0,0)
502.6 (0,0,0)
502.8 (0,0,0)
503 (0,0,0)
503.2 (0,0,0)
503.4 (0,0,0)
503.6 (0,0,0)
503.8 (0,0,0)
504 (0,0,0)
504.2 (0,0,0)
504.4 (0,0,0)
504.6 (0,0,0)
504.8 (0,0,0)
505 (0,0,0)
505.2 (0,0,0)
505.4 (0,0,0)
505.6 (2.29356038865934e-10,2.51445929626895e-13,-3.15495438683054e-12)
505.8 (-5.86475714904638e-10,-4.38153261649992e-11,4.93530200991299e-10)
506 (3.58730537002027e-10,4.51047469731946e-11,-4.92769821353316e-10)
506.2 (2.58205549515432e-14,9.87505893253585e-14,-4.50518494531954e-13)
506.4 (-5.15210807106444e-10,-2.12091106534007e-11,2.55546295039651e-10)
506.6 (-2.07496987379216e-10,-3.18486605893359e-11,2.54546332854626e-10)
506.8 (6.186339295491e-10,5.56930320176699e-11,-5.4415902256026e-10)
507 (1.07344842546494e-10,-2.31021390748828e-12,2.85791126564903e-11)
507.2 (-6.71671460331228e-15,2.49058707675135e-15,4.97260819852316e-15)
507.4 (-2.00234148094187e-10,3.04184965026252e-11,-2.9628897912179e-10)
507.6 (-3.45015783137869e-10,1.25301195765691e-10,-1.21599822624547e-09)
507.8 (5.4352820017554e-10,-1.55518051060373e-10,1.51842826874711e-09)
508 (0,0,0)
508.2 (0,0,0)
508.4 (0,0,0)
508.6 (2.81885036036354e-11,-5.44504663774208e-13,4.22520562288921e-12)
508.8 (-2.56012497375019e-11,3.88250086224337e-13,-2.57607510346589e-12)
509 (-2.09259033474087e-10,-3.88986086495305e-12,4.45484206103064e-11)
509.2 (4.18118059007816e-10,8.01083326843813e-11,-7.96366511712592e-10)
509.4 (-1.8839672528235e-10,-1.53219717667624e-10,1.51155942314245e-09)
509.6 (-8.21888303847522e-11,8.93588939461128e-11,-8.63896051677415e-10)
509.8 (-1.10629956340794e-10,1.25140114796897e-11,-1.29489528917744e-10)
510 (1.70755299174839e-10,-2.08211887826225e-11,2.15362133564711e-10)
510.2 (-5.45251289367334e-11,-3.71496296325797e-12,4.31698884163665e-11)
510.4 (-3.58511027236807e-12,-2.51609572556432e-12,4.17614713147611e-11)
510.6 (-1.28681085720064e-09,-1.23517368704226e-10,1.19090219027881e-09)
510.8 (1.64461207926863e-09,1.45083812173698e-11,-2.44300158207084e-11)
511 (-1.68091962810857e-09,1.7397612046114e-10,-1.92563842790731e-09)
511.2 (2.16036855563862e-09,-1.43425667393804e-10,1.59545740591885e-09)
511.4 (-4.68659503574423e-10,6.64766877473077e-11,-6.79751483638999e-10)
511.6 (-9.2192368276548e-10,-7.07439716300686e-11,7.41162330869499e-10)
511.8 (2.38998714857532e-09,5.12228387842016e-11,-2.34416434005548e-10)
512 (-2.61571611970613e-09,1.86007190624202e-10,-2.05740979325599e-09)
512.2 (6.4950017288039e-10,-7.03304899982648e-11,6.44100993078678e-10)
512.4 (-1.3712729205913e-11,-6.00095821309938e-11,6.56755536355863e-10)
512.6 (-1.49240764829723e-10,1.26814511897218e-10,-1.27045427030036e-09)
512.8 (3.46046412929279e-10,-6.98324036191926e-11,6.72093464205892e-10)
513 (-3.40865799160363e-10,9.56792425044096e-11,-1.04449346468938e-09)
513.2 (9.13622235866784e-11,-5.5610140512476e-11,7.72169894552676e-10)
513.4 (-1.01580620899433e-09,-9.53377814689263e-11,8.62908280341675e-10)
513.6 (2.49765322668394e-09,-4.6290754531824e-11,6.73523133475433e-10)
513.8 (-3.10555692148999e-11,4.89158259097664e-11,-5.51709318121649e-10)
514 (2.78156503664887e-09,-6.36995424204025e-11,7.18783294624977e-10)
514.2 (-4.25382042248145e-09,-1.29598276857453e-10,1.4502197501322e-09)
514.4 (5.10772680355411e-10,2.30756593521273e-10,-2.43373304736348e-09)
514.6 (-4.61156672661277e-10,5.3560266587667e-13,-6.55798521194473e-11)
514.8 (1.30355626159746e-09,-3.95834500822028e-11,3.53005294987549e-10)
515 (1.02952356766519e-09,5.28310121515188e-11,-3.64967577524258e-10)
515.2 (-7.05983440816247e-10,-7.82902012629828e-11,8.76187930001882e-10)
515.4 (-4.95454287602872e-09,5.30266126451901e-10,-5.43405058604355e-09)
515.6 (1.51402835845152e-09,-2.6182213659087e-10,2.7976440487068e-09)
515.8 (1.91413068651928e-09,-1.12158093673822e-10,1.04333339820382e-09)
516 (2.54496003788654e-09,5.15647246954207e-12,2.03853328691222e-10)
516.2 (-1.63600307824343e-09,4.24635153981563e-10,-4.20201761838383e-09)
516.4 (2.84323127282713e-09,-9.89703469039442e-10,1.05818127350699e-08)
516.6 (-3.98402664043233e-09,1.89335405556845e-10,-2.19875355885522e-09)
516.8 (-1.5213361023412e-11,3.81887272787815e-10,-3.61037746295948e-09)
517 (1.00751171501134e-09,-1.30732772306986e-10,1.21687214915472e-09)
517.2 (-2.99697132372563e-10,7.13599057861894e-11,-1.0442103551107e-09)
517.4 (-8.03123727501268e-10,2.95213859738104e-10,-3.14478377985034e-09)
517.6 (1.36913387913752e-10,-2.08494218937584e-10,2.57830407277218e-09)
517.8 (-7.18146192162537e-10,1.10544367648241e-10,-1.20575880724755e-09)
518 (8.84973571334167e-10,1.19441310209494e-11,-8.74276441033163e-11)
518.2 (2.75658294271583e-10,2.04208235671447e-10,-2.2479116141246e-09)
518.4 (1.01783437624637e-13,-2.46987857092698e-13,2.85325547472166e-12)
518.6 (0,0,0)
518.8 (4.84839177895765e-15,1.48752070357066e-15,1.17167378391085e-14)
519 (7.91846765693154e-10,-3.32081564840586e-11,4.00848975743759e-10)
519.2 (-1.20032717963038e-09,-4.76239655577815e-11,4.06798394820601e-10)
519.4 (2.1019377091772e-14,2.55525449596295e-15,5.43681157300801e-14)
519.6 (0,0,0)
519.8 (-2.41228092177332e-15,3.0964707229796e-15,-1.27312458595085e-14)
520 (-1.94902090180235e-15,5.04592005475946e-16,3.294504447936e-16)
520.2 (0,0,0)
520.4 (0,0,0)
520.6 (-1.43686309391749e-12,2.83663698216196e-13,-2.74091049491661e-12)
520.8 (-1.83573429371851e-11,-1.51316000749183e-12,2.63130558497352e-11)
521 (2.02070611016845e-11,1.62731451964809e-12,-2.36914634789227e-11)
521.2 (-2.31664819673318e-14,5.30766442161409e-15,3.6849045473943e-15)
521.4 (0,0,0)
521.6 (1.08929641881268e-16,1.33221922209694e-16,5.24937385978335e-17)
521.8 (0,0,0)
522 (0,0,0)
522.2 (0,0,0)
522.4 (1.31871287463324e-14,4.46666488148756e-15,1.14389054708487e-14)
522.6 (0,0,0)
522.8 (0,0,0)
523 (0,0,0)
523.2 (0,0,0)
523.4 (0,0,0)
523.6 (0,0,0)
523.8 (0,0,0)
524 (0,0,0)
524.2 (0,0,0)
524.4 (0,0,0)
524.6 (0,0,0)
524.8 (0,0,0)
525 (0,0,0)
525.2 (0,0,0)
525.4 (0,0,0)
525.6 (0,0,0)
525.8 (0,0,0)
526 (0,0,0)
526.2 (0,0,0)
526.4 (0,0,0)
526.6 (0,0,0)
526.8 (0,0,0)
527 (0,0,0)
527.2 (0,0,0)
527.4 (0,0,0)
527.6 (0,0,0)
527.8 (0,0,0)
528 (0,0,0)
528.2 (0,0,0)
528.4 (0,0,0)
528.6 (0,0,0)
528.8 (0,0,0)
529 (0,0,0)
529.2 (0,0,0)
529.4 (0,0,0)
529.6 (0,0,0)
529.8 (0,0,0)
530 (0,0,0)
530.2 (0,0,0)
530.4 (0,0,0)
530.6 (0,0,0)
530.8 (0,0,0)
531 (0,0,0)
531.2 (0,0,0)
531.4 (0,0,0)
531.6 (0,0,0)
531.8 (0,0,0)
532 (0,0,0)
532.2 (0,0,0)
532.4 (0,0,0)
532.6 (0,0,0)
532.8 (0,0,0)
533 (0,0,0)
533.2 (0,0,0)
533.4 (0,0,0)
533.6 (0,0,0)
533.8 (0,0,0)
534 (0,0,0)
534.2 (0,0,0)
534.4 (0,0,0)
534.6 (0,0,0)
534.8 (0,0,0)
535 (0,0,0)
535.2 (0,0,0)
535.4 (0,0,0)
535.6 (0,0,0)
535.8 (0,0,0)
536 (0,0,0)
536.2 (0,0,0)
536.4 (0,0,0)
536.6 (0,0,0)
536.8 (0,0,0)
537 (0,0,0)
537.2 (0,0,0)
537.4 (0,0,0)
537.6 (0,0,0)
537.8 (0,0,0)
538 (0,0,0)
538.2 (0,0,0)
538.4 (0,0,0)
538.6 (0,0,0)
538.8 (0,0,0)
539 (0,0,0)
539.2 (0,0,0)
539.4 (0,0,0)
539.6 (0,0,0)
539.8 (0,0,0)
540 (0,0,0)
540.2 (0,0,0)
540.4 (0,0,0)
540.6 (0,0,0)
540.8 (0,0,0)
541 (0,0,0)
541.2 (0,0,0)
541.4 (0,0,0)
541.6 (0,0,0)
541.8 (0,0,0)
542 (0,0,0)
542.2 (0,0,0)
542.4 (0,0,0)
542.6 (0,0,0)
542.8 (0,0,0)
543 (0,0,0)
543.2 (0,0,0)
543.4 (0,0,0)
543.6 (0,0,0)
543.8 (0,0,0)
544 (0,0,0)
544.2 (0,0,0)
544.4 (0,0,0)
544.6 (0,0,0)
544.8 (0,0,0)
545 (0,0,0)
545.2 (0,0,0)
545.4 (0,0,0)
545.6 (0,0,0)
545.8 (0,0,0)
546 (0,0,0)
546.2 (0,0,0)
546.4 (0,0,0)
546.6 (0,0,0)
546.8 (0,0,0)
547 (0,0,0)
547.2 (0,0,0)
547.4 (0,0,0)
547.6 (0,0,0)
547.8 (0,0,0)
548 (0,0,0)
548.2 (0,0,0)
548.4 (0,0,0)
548.6 (0,0,0)
548.8 (0,0,0)
549 (0,0,0)
549.2 (0,0,0)
549.4 (0,0,0)
549.6 (0,0,0)
549.8 (0,0,0)
550 (0,0,0)
550.2 (0,0,0)
550.4 (0,0,0)
550.6 (0,0,0)
550.8 (0,0,0)
551 (0,0,0)
551.2 (0,0,0)
551.4 (0,0,0)
551.6 (0,0,0)
551.8 (0,0,0)
552 (0,0,0)
552.2 (0,0,0)
552.4 (0,0,0)
552.6 (0,0,0)
552.8 (0,0,0)
553 (0,0,0)
553.2 (0,0,0)
553.4 (0,0,0)
553.6 (0,0,0)
553.8 (0,0,0)
554 (0,0,0)
554.2 (0,0,0)
554.4 (0,0,0)
554.6 (0,0,0)
554.8 (0,0,0)
555 (0,0,0)
555.2 (0,0,0)
555.4 (0,0,0)
555.6 (0,0,0)
555.8 (0,0,0)
556 (0,0,0)
556.2 (0,0,0)
556.4 (0,0,0)
556.6 (0,0,0)
556.8 (0,0,0)
557 (0,0,0)
557.2 (0,0,0)
557.4 (0,0,0)
557.6 (0,0,0)
557.8 (0,0,0)
558 (0,0,0)
558.2 (0,0,0)
558.4 (0,0,0)
558.6 (0,0,0)
558.8 (0,0,0)
559 (0,0,0)
559.2 (0,0,0)
559.4 (0,0,0)
559.6 (0,0,0)
559.8 (0,0,0)
560 (0,0,0)
560.2 (0,0,0)
560.4 (0,0,0)
560.6 (0,0,0)
560.8 (0,0,0)
561 (0,0,0)
561.2 (0,0,0)
561.4 (0,0,0)
561.6 (0,0,0)
561.8 (0,0,0)
562 (0,0,0)
562.2 (0,0,0)
562.4 (0,0,0)
562.6 (0,0,0)
562.8 (0,0,0)
563 (0,0,0)
563.2 (0,0,0)
563.4 (0,0,0)
563.6 (0,0,0)
563.8 (0,0,0)
564 (0,0,0)
564.2 (0,0,0)
564.4 (0,0,0)
564.6 (0,0,0)
564.8 (0,0,0)
565 (0,0,0)
565.2 (0,0,0)
565.4 (0,0,0)
565.6 (0,0,0)
565.8 (0,0,0)
566 (0,0,0)
566.2 (0,0,0)
566.4 (0,0,0)
566.6 (0,0,0)
566.8 (0,0,0)
567 (0,0,0)
567.2 (0,0,0)
567.4 (0,0,0)
567.6 (0,0,0)
567.8 (0,0,0)
568 (0,0,0)
568.2 (0,0,0)
568.4 (0,0,0)
568.6 (0,0,0)
568.8 (0,0,0)
569 (0,0,0)
569.2 (0,0,0)
569.4 (0,0,0)
569.6 (0,0,0)
569.8 (0,0,0)
570 (0,0,0)
570.2 (0,0,0)
570.4 (0,0,0)
570.6 (0,0,0)
570.8 (0,0,0)
571 (0,0,0)
571.2 (0,0,0)
571.4 (0,0,0)
571.6 (0,0,0)
571.8 (0,0,0)
572 (0,0,0)
572.2 (0,0,0)
572.4 (0,0,0)
572.6 (0,0,0)
572.8 (0,0,0)
573 (0,0,0)
573.2 (0,0,0)
573.4 (0,0,0)
573.6 (0,0,0)
573.8 (0,0,0)
574 (0,0,0)
574.2 (0,0,0)
574.4 (0,0,0)
574.6 (0,0,0)
574.8 (0,0,0)
575 (0,0,0)
575.2 (0,0,0)
575.4 (0,0,0)
575.6 (0,0,0)
575.8 (0,0,0)
576 (0,0,0)
576.2 (0,0,0)
576.4 (0,0,0)
576.6 (0,0,0)
576.8 (0,0,0)
577 (0,0,0)
577.2 (0,0,0)
577.4 (0,0,0)
577.6 (0,0,0)
577.8 (0,0,0)
578 (0,0,0)
578.2 (0,0,0)
578.4 (0,0,0)
578.6 (0,0,0)
578.8 (0,0,0)
579 (0,0,0)
579.2 (0,0,0)
579.4 (0,0,0)
579.6 (0,0,0)
579.8 (0,0,0)
580 (0,0,0)
580.2 (0,0,0)
580.4 (0,0,0)
580.6 (0,0,0)
580.8 (0,0,0)
581 (0,0,0)
581.2 (0,0,0)
581.4 (0,0,0)
581.6 (0,0,0)
581.8 (0,0,0)
582 (0,0,0)
582.2 (0,0,0)
582.4 (0,0,0)
582.6 (0,0,0)
582.8 (0,0,0)
583 (0,0,0)
583.2 (0,0,0)
583.4 (0,0,0)
583.6 (0,0,0)
583.8 (0,0,0)
584 (0,0,0)
584.2 (0,0,0)
584.4 (0,0,0)
584.6 (0,0,0)
584.8 (0,0,0)
585 (0,0,0)
585.2 (0,0,0)
585.4 (0,0,0)
585.6 (0,0,0)
585.8 (0,0,0)
586 (0,0,0)
586.2 (0,0,0)
586.4 (0,0,0)
586.6 (0,0,0)
586.8 (0,0,0)
587 (0,0,0)
587.2 (0,0,0)
587.4 (0,0,0)
587.6 (0,0,0)
587.8 (0,0,0)
588 (0,0,0)
588.2 (0,0,0)
588.4 (0,0,0)
588.6 (0,0,0)
588.8 (0,0,0)
589 (0,0,0)
589.2 (0,0,0)
589.4 (0,0,0)
589.6 (0,0,0)
589.8 (0,0,0)
590 (0,0,0)
590.2 (0,0,0)
590.4 (0,0,0)
590.6 (0,0,0)
590.8 (0,0,0)
591 (0,0,0)
591.2 (0,0,0)
591.4 (0,0,0)
591.6 (0,0,0)
591.8 (0,0,0)
592 (0,0,0)
592.2 (0,0,0)
592.4 (0,0,0)
592.6 (0,0,0)
592.8 (0,0,0)
593 (0,0,0)
593.2 (0,0,0)
593.4 (0,0,0)
593.6 (0,0,0)
593.8 (0,0,0)
594 (0,0,0)
594.2 (0,0,0)
594.4 (0,0,0)
594.6 (0,0,0)
594.8 (0,0,0)
595 (0,0,0)
595.2 (0,0,0)
595.4 (0,0,0)
595.6 (0,0,0)
595.8 (0,0,0)
596 (0,0,0)
596.2 (0,0,0)
596.4 (0,0,0)
596.6 (0,0,0)
596.8 (0,0,0)
597 (0,0,0)
597.2 (0,0,0)
597.4 (0,0,0)
597.6 (0,0,0)
597.8 (0,0,0)
598 (0,0,0)
598.2 (0,0,0)
598.4 (0,0,0)
598.6 (0,0,0)
598.8 (0,0,0)
599 (0,0,0)
599.2 (0,0,0)
599.4 (0,0,0)
599.6 (0,0,0)
599.8 (0,0,0)
600 (0,0,0)
600.2 (0,0,0)
600.4 (0,0,0)
600.6 (0,0,0)
600.8 (0,0,0)
601 (0,0,0)
601.2 (0,0,0)
601.4 (0,0,0)
601.6 (0,0,0)
601.8 (0,0,0)
602 (0,0,0)
602.2 (0,0,0)
602.4 (0,0,0)
602.6 (0,0,0)
602.8 (0,0,0)
603 (0,0,0)
603.2 (0,0,0)
603.4 (0,0,0)
603.6 (0,0,0)
603.8 (0,0,0)
604 (0,0,0)
604.2 (0,0,0)
604.4 (0,0,0)
604.6 (0,0,0)
604.8 (0,0,0)
605 (0,0,0)
605.2 (0,0,0)
605.4 (0,0,0)
605.6 (0,0,0)
605.8 (0,0,0)
606 (0,0,0)
606.2 (0,0,0)
606.4 (0,0,0)
606.6 (0,0,0)
606.8 (0,0,0)
607 (0,0,0)
607.2 (0,0,0)
607.4 (0,0,0)
607.6 (0,0,0)
607.8 (0,0,0)
608 (0,0,0)
608.2 (0,0,0)
608.4 (0,0,0)
608.6 (0,0,0)
608.8 (0,0,0)
609 (0,0,0)
609.2 (0,0,0)
609.4 (0,0,0)
609.6 (0,0,0)
609.8 (0,0,0)
610 (0,0,0)
610.2 (0,0,0)
610.4 (0,0,0)
610.6 (0,0,0)
610.8 (0,0,0)
611 (0,0,0)
611.2 (0,0,0)
611.4 (0,0,0)
611.6 (0,0,0)
611.8 (0,0,0)
612 (0,0,0)
612.2 (0,0,0)
612.4 (0,0,0)
612.6 (0,0,0)
612.8 (0,0,0)
613 (0,0,0)
613.2 (0,0,0)
613.4 (0,0,0)
613.6 (0,0,0)
613.8 (0,0,0)
614 (0,0,0)
614.2 (0,0,0)
614.4 (0,0,0)
614.6 (0,0,0)
614.8 (0,0,0)
615 (0,0,0)
615.2 (0,0,0)
615.4 (0,0,0)
615.6 (0,0,0)
615.8 (0,0,0)
616 (0,0,0)
616.2 (0,0,0)
616.4 (0,0,0)
616.6 (0,0,0)
616.8 (0,0,0)
617 (0,0,0)
617.2 (0,0,0)
617.4 (0,0,0)
617.6 (0,0,0)
617.8 (0,0,0)
618 (0,0,0)
618.2 (0,0,0)
618.4 (0,0,0)
618.6 (0,0,0)
618.8 (0,0,0)
619 (0,0,0)
619.2 (0,0,0)
619.4 (0,0,0)
619.6 (0,0,0)
619.8 (0,0,0)
620 (0,0,0)
620.2 (0,0,0)
620.4 (0,0,0)
620.6 (0,0,0)
620.8 (0,0,0)
621 (0,0,0)
621.2 (0,0,0)
621.4 (0,0,0)
621.6 (0,0,0)
621.8 (0,0,0)
622 (0,0,0)
622.2 (0,0,0)
622.4 (0,0,0)
622.6 (0,0,0)
622.8 (0,0,0)
623 (0,0,0)
623.2 (0,0,0)
623.4 (0,0,0)
623.6 (0,0,0)
623.8 (0,0,0)
624 (0,0,0)
624.2 (0,0,0)
624.4 (0,0,0)
624.6 (0,0,0)
624.8 (0,0,0)
625 (0,0,0)
625.2 (0,0,0)
625.4 (0,0,0)
625.6 (0,0,0)
625.8 (0,0,0)
626 (0,0,0)
626.2 (0,0,0)
626.4 (0,0,0)
626.6 (0,0,0)
626.8 (0,0,0)
627 (0,0,0)
627.2 (0,0,0)
627.4 (0,0,0)
627.6 (0,0,0)
627.8 (0,0,0)
628 (0,0,0)
628.2 (0,0,0)
628.4 (0,0,0)
628.6 (0,0,0)
628.8 (0,0,0)
629 (0,0,0)
629.2 (0,0,0)
629.4 (0,0,0)
629.6 (0,0,0)
629.8 (0,0,0)
630 (0,0,0)
630.2 (0,0,0)
630.4 (0,0,0)
630.6 (0,0,0)
630.8 (0,0,0)
631 (0,0,0)
631.2 (0,0,0)
631.4 (0,0,0)
631.6 (0,0,0)
631.8 (0,0,0)
632 (0,0,0)
632.2 (0,0,0)
632.4 (0,0,0)
632.6 (0,0,0)
632.8 (0,0,0)
633 (0,0,0)
633.2 (0,0,0)
633.4 (0,0,0)
633.6 (0,0,0)
633.8 (0,0,0)
634 (0,0,0)
634.2 (0,0,0)
634.4 (0,0,0)
634.6 (0,0,0)
634.8 (0,0,0)
635 (0,0,0)
635.2 (0,0,0)
635.4 (0,0,0)
635.6 (0,0,0)
635.8 (0,0,0)
636 (0,0,0)
636.2 (0,0,0)
636.4 (0,0,0)
636.6 (0,0,0)
636.8 (0,0,0)
637 (0,0,0)
637.2 (0,0,0)
637.4 (0,0,0)
637.6 (0,0,0)
637.8 (0,0,0)
638 (0,0,0)
638.2 (0,0,0)
638.4 (0,0,0)
638.6 (0,0,0)
638.8 (0,0,0)
639 (0,0,0)
639.2 (0,0,0)
639.4 (0,0,0)
639.6 (0,0,0)
639.8 (0,0,0)
640 (0,0,0)
640.2 (0,0,0)
640.4 (0,0,0)
640.6 (0,0,0)
640.8 (0,0,0)
641 (0,0,0)
641.2 (0,0,0)
641.4 (0,0,0)
641.6 (0,0,0)
641.8 (0,0,0)
642 (0,0,0)
642.2 (0,0,0)
642.4 (0,0,0)
642.6 (0,0,0)
642.8 (0,0,0)
643 (0,0,0)
643.2 (0,0,0)
643.4 (0,0,0)
643.6 (0,0,0)
643.8 (0,0,0)
644 (0,0,0)
644.2 (0,0,0)
644.4 (0,0,0)
644.6 (0,0,0)
644.8 (0,0,0)
645 (0,0,0)
645.2 (0,0,0)
645.4 (0,0,0)
645.6 (0,0,0)
645.8 (0,0,0)
646 (0,0,0)
646.2 (0,0,0)
646.4 (0,0,0)
646.6 (0,0,0)
646.8 (0,0,0)
647 (0,0,0)
647.2 (0,0,0)
647.4 (0,0,0)
647.6 (0,0,0)
647.8 (0,0,0)
648 (0,0,0)
648.2 (0,0,0)
648.4 (0,0,0)
648.6 (0,0,0)
648.8 (0,0,0)
649 (0,0,0)
649.2 (0,0,0)
649.4 (0,0,0)
649.6 (0,0,0)
649.8 (0,0,0)
650 (0,0,0)
650.2 (0,0,0)
650.4 (0,0,0)
650.6 (0,0,0)
650.8 (0,0,0)
651 (0,0,0)
651.2 (0,0,0)
651.4 (0,0,0)
651.6 (0,0,0)
651.8 (0,0,0)
652 (0,0,0)
652.2 (0,0,0)
652.4 (0,0,0)
652.6 (0,0,0)
652.8 (0,0,0)
653 (0,0,0)
653.2 (0,0,0)
653.4 (0,0,0)
653.6 (0,0,0)
653.8 (0,0,0)
654 (0,0,0)
654.2 (0,0,0)
654.4 (0,0,0)
654.6 (0,0,0)
654.8 (0,0,0)
655 (0,0,0)
655.2 (0,0,0)
655.4 (0,0,0)
655.6 (0,0,0)
655.8 (0,0,0)
656 (0,0,0)
656.2 (0,0,0)
656.4 (0,0,0)
656.6 (0,0,0)
656.8 (0,0,0)
657 (0,0,0)
657.2 (0,0,0)
657.4 (0,0,0)
657.6 (0,0,0)
657.8 (0,0,0)
658 (0,0,0)
658.2 (0,0,0)
658.4 (0,0,0)
658.6 (0,0,0)
658.8 (0,0,0)
659 (0,0,0)
659.2 (0,0,0)
659.4 (0,0,0)
659.6 (0,0,0)
659.8 (0,0,0)
660 (0,0,0)
660.2 (0,0,0)
660.4 (0,0,0)
660.6 (0,0,0)
660.8 (0,0,0)
661 (0,0,0)
661.2 (0,0,0)
661.4 (0,0,0)
661.6 (0,0,0)
661.8 (0,0,0)
662 (0,0,0)
662.2 (0,0,0)
662.4 (0,0,0)
662.6 (0,0,0)
662.8 (0,0,0)
663 (0,0,0)
663.2 (0,0,0)
663.4 (0,0,0)
663.6 (0,0,0)
663.8 (0,0,0)
664 (0,0,0)
664.2 (0,0,0)
664.4 (0,0,0)
664.6 (0,0,0)
664.8 (0,0,0)
665 (0,0,0)
665.2 (0,0,0)
665.4 (0,0,0)
665.6 (0,0,0)
665.8 (0,0,0)
666 (0,0,0)
666.2 (0,0,0)
666.4 (0,0,0)
666.6 (0,0,0)
666.8 (0,0,0)
667 (0,0,0)
667.2 (0,0,0)
667.4 (0,0,0)
667.6 (0,0,0)
667.8 (0,0,0)
668 (0,0,0)
668.2 (0,0,0)
668.4 (0,0,0)
668.6 (0,0,0)
668.8 (0,0,0)
669 (0,0,0)
669.2 (0,0,0)
669.4 (0,0,0)
669.6 (0,0,0)
669.8 (0,0,0)
670 (0,0,0)
670.2 (0,0,0)
670.4 (0,0,0)
670.6 (0,0,0)
670.8 (0,0,0)
671 (0,0,0)
671.2 (0,0,0)
671.4 (0,0,0)
671.6 (0,0,0)
671.8 (0,0,0)
672 (0,0,0)
672.2 (0,0,0)
672.4 (0,0,0)
672.6 (0,0,0)
672.8 (0,0,0)
673 (0,0,0)
673.2 (0,0,0)
673.4 (0,0,0)
673.6 (0,0,0)
673.8 (0,0,0)
674 (0,0,0)
674.2 (0,0,0)
674.4 (0,0,0)
674.6 (0,0,0)
674.8 (0,0,0)
675 (0,0,0)
675.2 (0,0,0)
675.4 (0,0,0)
675.6 (0,0,0)
675.8 (0,0,0)
676 (0,0,0)
676.2 (0,0,0)
676.4 (0,0,0)
676.6 (0,0,0)
676.8 (0,0,0)
677 (0,0,0)
677.2 (0,0,0)
677.4 (0,0,0)
677.6 (0,0,0)
677.8 (0,0,0)
678 (0,0,0)
678.2 (0,0,0)
678.4 (0,0,0)
678.6 (0,0,0)
678.8 (0,0,0)
679 (0,0,0)
679.2 (0,0,0)
679.4 (0,0,0)
679.6 (0,0,0)
679.8 (0,0,0)
680 (0,0,0)
680.2 (0,0,0)
680.4 (0,0,0)
680.6 (0,0,0)
680.8 (0,0,0)
681 (0,0,0)
681.2 (0,0,0)
681.4 (0,0,0)
681.6 (0,0,0)
681.8 (0,0,0)
682 (0,0,0)
682.2 (0,0,0)
682.4 (0,0,0)
682.6 (0,0,0)
682.8 (0,0,0)
683 (0,0,0)
683.2 (0,0,0)
683.4 (0,0,0)
683.6 (0,0,0)
683.8 (0,0,0)
684 (0,0,0)
684.2 (0,0,0)
684.4 (0,0,0)
684.6 (0,0,0)
684.8 (0,0,0)
685 (0,0,0)
685.2 (0,0,0)
685.4 (0,0,0)
685.6 (0,0,0)
685.8 (0,0,0)
686 (0,0,0)
686.2 (0,0,0)
686.4 (0,0,0)
686.6 (0,0,0)
686.8 (0,0,0)
687 (0,0,0)
687.2 (0,0,0)
687.4 (0,0,0)
687.6 (0,0,0)
687.8 (0,0,0)
688 (0,0,0)
688.2 (0,0,0)
688.4 (0,0,0)
688.6 (0,0,0)
688.8 (0,0,0)
689 (0,0,0)
689.2 (0,0,0)
689.4 (0,0,0)
689.6 (0,0,0)
689.8 (0,0,0)
690 (0,0,0)
690.2 (0,0,0)
690.4 (0,0,0)
690.6 (0,0,0)
690.8 (0,0,0)
691 (0,0,0)
691.2 (0,0,0)
691.4 (0,0,0)
691.6 (0,0,0)
691.8 (0,0,0)
692 (0,0,0)
692.2 (0,0,0)
692.4 (0,0,0)
692.6 (0,0,0)
692.8 (0,0,0)
693 (0,0,0)
693.2 (0,0,0)
693.4 (0,0,0)
693.6 (0,0,0)
693.8 (0,0,0)
694 (0,0,0)
694.2 (0,0,0)
694.4 (0,0,0)
694.6 (0,0,0)
694.8 (0,0,0)
695 (0,0,0)
695.2 (0,0,0)
695.4 (0,0,0)
695.6 (0,0,0)
695.8 (0,0,0)
696 (0,0,0)
696.2 (0,0,0)
696.4 (0,0,0)
696.6 (0,0,0)
696.8 (0,0,0)
697 (0,0,0)
697.2 (0,0,0)
697.4 (0,0,0)
697.6 (0,0,0)
697.8 (0,0,0)
698 (0,0,0)
698.2 (0,0,0)
698.4 (0,0,0)
698.6 (0,0,0)
698.8 (0,0,0)
699 (0,0,0)
699.2 (0,0,0)
699.4 (0,0,0)
699.6 (0,0,0)
699.8 (0,0,0)
700 (0,0,0)
700.2 (0,0,0)
700.4 (0,0,0)
700.6 (0,0,0)
700.8 (0,0,0)
701 (0,0,0)
701.2 (0,0,0)
701.4 (0,0,0)
701.6 (0,0,0)
701.8 (0,0,0)
702 (0,0,0)
702.2 (0,0,0)
702.4 (0,0,0)
702.6 (0,0,0)
702.8 (0,0,0)
703 (0,0,0)
703.2 (0,0,0)
703.4 (0,0,0)
703.6 (0,0,0)
703.8 (0,0,0)
704 (0,0,0)
704.2 (0,0,0)
704.4 (0,0,0)
704.6 (0,0,0)
704.8 (0,0,0)
705 (0,0,0)
705.2 (0,0,0)
705.4 (0,0,0)
705.6 (0,0,0)
705.8 (0,0,0)
706 (0,0,0)
706.2 (0,0,0)
706.4 (0,0,0)
706.6 (0,0,0)
706.8 (0,0,0)
707 (0,0,0)
707.2 (0,0,0)
707.4 (0,0,0)
707.6 (0,0,0)
707.8 (0,0,0)
708 (0,0,0)
708.2 (0,0,0)
708.4 (0,0,0)
708.6 (0,0,0)
708.8 (0,0,0)
709 (0,0,0)
709.2 (0,0,0)
709.4 (0,0,0)
709.6 (0,0,0)
709.8 (0,0,0)
710 (0,0,0)
710.2 (0,0,0)
710.4 (0,0,0)
710.6 (0,0,0)
710.8 (0,0,0)
711 (0,0,0)
711.2 (0,0,0)
711.4 (0,0,0)
711.6 (0,0,0)
711.8 (0,0,0)
712 (0,0,0)
712.2 (0,0,0)
712.4 (0,0,0)
712.6 (0,0,0)
712.8 (0,0,0)
713 (0,0,0)
713.2 (0,0,0)
713.4 (0,0,0)
713.6 (0,0,0)
713.8 (0,0,0)
714 (0,0,0)
714.2 (0,0,0)
714.4 (0,0,0)
714.6 (0,0,0)
714.8 (0,0,0)
715 (0,0,0)
715.2 (0,0,0)
715.4 (0,0,0)
715.6 (0,0,0)
715.8 (0,0,0)
716 (0,0,0)
716.2 (0,0,0)
716.4 (0,0,0)
716.6 (0,0,0)
716.8 (0,0,0)
717 (0,0,0)
717.2 (0,0,0)
717.4 (0,0,0)
717.6 (0,0,0)
717.8 (0,0,0)
718 (0,0,0)
718.2 (0,0,0)
718.4 (0,0,0)
718.6 (0,0,0)
718.8 (0,0,0)
719 (0,0,0)
719.2 (0,0,0)
719.4 (0,0,0)
719.6 (0,0,0)
719.8 (0,0,0)
720 (0,0,0)
720.2 (0,0,0)
720.4 (0,0,0)
720.6 (0,0,0)
720.8 (0,0,0)
721 (0,0,0)
721.2 (0,0,0)
721.4 (0,0,0)
721.6 (0,0,0)
721.8 (0,0,0)
722 (0,0,0)
722.2 (0,0,0)
722.4 (0,0,0)
722.6 (0,0,0)
722.8 (0,0,0)
723 (0,0,0)
723.2 (0,0,0)
723.4 (0,0,0)
723.6 (0,0,0)
723.8 (0,0,0)
724 (0,0,0)
724.2 (0,0,0)
724.4 (0,0,0)
724.6 (0,0,0)
724.8 (0,0,0)
725 (0,0,0)
725.2 (0,0,0)
725.4 (0,0,0)
725.6 (0,0,0)
725.8 (0,0,0)
726 (0,0,0)
726.2 (0,0,0)
726.4 (0,0,0)
726.6 (0,0,0)
726.8 (0,0,0)
727 (0,0,0)
727.2 (0,0,0)
727.4 (0,0,0)
727.6 (0,0,0)
727.8 (0,0,0)
728 (0,0,0)
728.2 (0,0,0)
728.4 (0,0,0)
728.6 (0,0,0)
728.8 (0,0,0)
729 (0,0,0)
729.2 (0,0,0)
729.4 (0,0,0)
729.6 (0,0,0)
729.8 (0,0,0)
730 (0,0,0)
730.2 (0,0,0)
730.4 (0,0,0)
730.6 (0,0,0)
730.8 (0,0,0)
731 (0,0,0)
731.2 (0,0,0)
731.4 (0,0,0)
731.6 (0,0,0)
731.8 (0,0,0)
732 (0,0,0)
732.2 (0,0,0)
732.4 (0,0,0)
732.6 (0,0,0)
732.8 (0,0,0)
733 (0,0,0)
733.2 (0,0,0)
733.4 (0,0,0)
733.6 (0,0,0)
733.8 (0,0,0)
734 (0,0,0)
734.2 (0,0,0)
734.4 (0,0,0)
734.6 (0,0,0)
734.8 (0,0,0)
735 (0,0,0)
735.2 (0,0,0)
735.4 (0,0,0)
735.6 (0,0,0)
735.8 (0,0,0)
736 (0,0,0)
736.2 (0,0,0)
736.4 (0,0,0)
736.6 (0,0,0)
736.8 (0,0,0)
737 (0,0,0)
737.2 (0,0,0)
737.4 (0,0,0)
737.6 (0,0,0)
737.8 (0,0,0)
738 (0,0,0)
738.2 (0,0,0)
738.4 (0,0,0)
738.6 (0,0,0)
738.8 (0,0,0)
739 (0,0,0)
739.2 (0,0,0)
739.4 (0,0,0)
739.6 (0,0,0)
739.8 (0,0,0)
740 (0,0,0)
740.2 (0,0,0)
740.4 (0,0,0)
740.6 (0,0,0)
740.8 (0,0,0)
741 (0,0,0)
741.2 (0,0,0)
741.4 (0,0,0)
741.6 (0,0,0)
741.8 (0,0,0)
742 (0,0,0)
742.2 (0,0,0)
742.4 (0,0,0)
742.6 (0,0,0)
742.8 (0,0,0)
743 (0,0,0)
743.2 (0,0,0)
743.4 (0,0,0)
743.6 (0,0,0)
743.8 (0,0,0)
744 (0,0,0)
744.2 (0,0,0)
744.4 (0,0,0)
744.6 (0,0,0)
744.8 (0,0,0)
745 (0,0,0)
745.2 (0,0,0)
745.4 (0,0,0)
745.6 (0,0,0)
745.8 (0,0,0)
746 (0,0,0)
746.2 (0,0,0)
746.4 (0,0,0)
746.6 (0,0,0)
746.8 (0,0,0)
747 (0,0,0)
747.2 (0,0,0)
747.4 (0,0,0)
747.6 (0,0,0)
747.8 (0,0,0)
748 (0,0,0)
748.2 (0,0,0)
748.4 (0,0,0)
748.6 (0,0,0)
748.8 (0,0,0)
749 (0,0,0)
749.2 (0,0,0)
749.4 (0,0,0)
749.6 (0,0,0)
749.8 (0,0,0)
750 (0,0,0)
750.2 (0,0,0)
750.4 (0,0,0)
750.6 (0,0,0)
750.8 (0,0,0)
751 (0,0,0)
751.2 (0,0,0)
751.4 (0,0,0)
751.6 (0,0,0)
751.8 (0,0,0)
752 (0,0,0)
752.2 (0,0,0)
752.4 (0,0,0)
752.6 (0,0,0)
752.8 (0,0,0)
753 (0,0,0)
753.2 (0,0,0)
753.4 (0,0,0)
753.6 (0,0,0)
753.8 (0,0,0)
754 (0,0,0)
754.2 (0,0,0)
754.4 (0,0,0)
754.6 (0,0,0)
754.8 (0,0,0)
755 (0,0,0)
755.2 (0,0,0)
755.4 (0,0,0)
755.6 (0,0,0)
755.8 (0,0,0)
756 (0,0,0)
756.2 (0,0,0)
756.4 (0,0,0)
756.6 (0,0,0)
756.8 (0,0,0)
757 (0,0,0)
757.2 (0,0,0)
757.4 (0,0,0)
757.6 (0,0,0)
757.8 (0,0,0)
758 (0,0,0)
758.2 (0,0,0)
758.4 (0,0,0)
758.6 (0,0,0)
758.8 (0,0,0)
759 (0,0,0)
759.2 (0,0,0)
759.4 (0,0,0)
759.6 (0,0,0)
759.8 (0,0,0)
760 (0,0,0)
760.2 (0,0,0)
760.4 (0,0,0)
760.6 (0,0,0)
760.8 (0,0,0)
761 (0,0,0)
761.2 (0,0,0)
761.4 (0,0,0)
761.6 (0,0,0)
761.8 (0,0,0)
762 (0,0,0)
762.2 (0,0,0)
762.4 (0,0,0)
762.6 (0,0,0)
762.8 (0,0,0)
763 (0,0,0)
763.2 (0,0,0)
763.4 (0,0,0)
763.6 (0,0,0)
763.8 (0,0,0)
764 (0,0,0)
764.2 (0,0,0)
764.4 (0,0,0)
764.6 (0,0,0)
764.8 (0,0,0)
765 (0,0,0)
765.2 (0,0,0)
765.4 (0,0,0)
765.6 (0,0,0)
765.8 (0,0,0)
766 (0,0,0)
766.2 (0,0,0)
766.4 (0,0,0)
766.6 (0,0,0)
766.8 (0,0,0)
767 (0,0,0)
767.2 (0,0,0)
767.4 (0,0,0)
767.6 (0,0,0)
767.8 (0,0,0)
768 (0,0,0)
768.2 (0,0,0)
768.4 (0,0,0)
768.6 (0,0,0)
768.8 (0,0,0)
769 (0,0,0)
769.2 (0,0,0)
769.4 (0,0,0)
769.6 (0,0,0)
769.8 (0,0,0)
770 (0,0,0)
770.2 (0,0,0)
770.4 (0,0,0)
770.6 (0,0,0)
770.8 (0,0,0)
771 (0,0,0)
771.2 (0,0,0)
771.4 (0,0,0)
771.6 (0,0,0)
771.8 (0,0,0)
772 (0,0,0)
772.2 (0,0,0)
772.4 (0,0,0)
772.6 (0,0,0)
772.8 (0,0,0)
773 (0,0,0)
773.2 (0,0,0)
773.4 (0,0,0)
773.6 (0,0,0)
773.8 (0,0,0)
774 (0,0,0)
774.2 (0,0,0)
774.4 (0,0,0)
774.6 (0,0,0)
774.8 (0,0,0)
775 (0,0,0)
775.2 (0,0,0)
775.4 (0,0,0)
775.6 (0,0,0)
775.8 (0,0,0)
776 (0,0,0)
776.2 (0,0,0)
776.4 (0,0,0)
776.6 (0,0,0)
776.8 (0,0,0)
777 (0,0,0)
777.2 (0,0,0)
777.4 (0,0,0)
777.6 (0,0,0)
777.8 (0,0,0)
778 (0,0,0)
778.2 (0,0,0)
778.4 (0,0,0)
778.6 (0,0,0)
778.8 (0,0,0)
779 (0,0,0)
779.2 (0,0,0)
779.4 (0,0,0)
779.6 (0,0,0)
779.8 (0,0,0)
780 (0,0,0)
780.2 (0,0,0)
780.4 (0,0,0)
780.6 (0,0,0)
780.8 (0,0,0)
781 (0,0,0)
781.2 (0,0,0)
781.4 (0,0,0)
781.6 (0,0,0)
781.8 (0,0,0)
782 (0,0,0)
782.2 (0,0,0)
782.4 (0,0,0)
782.6 (0,0,0)
782.8 (0,0,0)
783 (0,0,0)
783.2 (0,0,0)
783.4 (0,0,0)
783.6 (0,0,0)
783.8 (0,0,0)
784 (0,0,0)
784.2 (0,0,0)
784.4 (0,0,0)
784.6 (0,0,0)
784.8 (0,0,0)
785 (0,0,0)
785.2 (0,0,0)
785.4 (0,0,0)
785.6 (0,0,0)
785.8 (0,0,0)
786 (0,0,0)
786.2 (0,0,0)
786.4 (0,0,0)
786.6 (0,0,0)
786.8 (0,0,0)
787 (0,0,0)
787.2 (0,0,0)
787.4 (0,0,0)
787.6 (0,0,0)
787.8 (0,0,0)
788 (0,0,0)
788.2 (0,0,0)
788.4 (0,0,0)
788.6 (0,0,0)
788.8 (0,0,0)
789 (0,0,0)
789.2 (0,0,0)
789.4 (0,0,0)
789.6 (0,0,0)
789.8 (0,0,0)
790 (0,0,0)
790.2 (0,0,0)
790.4 (0,0,0)
790.6 (0,0,0)
790.8 (0,0,0)
791 (0,0,0)
791.2 (0,0,0)
791.4 (0,0,0)
791.6 (0,0,0)
791.8 (0,0,0)
792 (0,0,0)
792.2 (0,0,0)
792.4 (0,0,0)
792.6 (0,0,0)
792.8 (0,0,0)
793 (0,0,0)
793.2 (0,0,0)
793.4 (0,0,0)
793.6 (0,0,0)
793.8 (0,0,0)
794 (0,0,0)
794.2 (0,0,0)
794.4 (0,0,0)
794.6 (0,0,0)
794.8 (0,0,0)
795 (0,0,0)
795.2 (0,0,0)
795.4 (0,0,0)
795.6 (0,0,0)
795.8 (0,0,0)
796 (0,0,0)
796.2 (0,0,0)
796.4 (0,0,0)
796.6 (0,0,0)
796.8 (0,0,0)
797 (0,0,0)
797.2 (0,0,0)
797.4 (0,0,0)
797.6 (0,0,0)
797.8 (0,0,0)
798 (0,0,0)
798.2 (0,0,0)
798.4 (0,0,0)
798.6 (0,0,0)
798.8 (0,0,0)
799 (0,0,0)
799.2 (0,0,0)
799.4 (0,0,0)
799.6 (0,0,0)
799.8 (0,0,0)
800 (0,0,0)
800.2 (0,0,0)
800.4 (0,0,0)
800.6 (0,0,0)
800.8 (0,0,0)
801 (0,0,0)
801.2 (0,0,0)
801.4 (0,0,0)
801.6 (0,0,0)
801.8 (0,0,0)
802 (0,0,0)
802.2 (0,0,0)
802.4 (0,0,0)
802.6 (0,0,0)
802.8 (0,0,0)
803 (0,0,0)
803.2 (0,0,0)
803.4 (0,0,0)
803.6 (0,0,0)
803.8 (0,0,0)
804 (0,0,0)
804.2 (0,0,0)
804.4 (0,0,0)
804.6 (0,0,0)
804.8 (0,0,0)
805 (0,0,0)
805.2 (0,0,0)
805.4 (0,0,0)
805.6 (0,0,0)
805.8 (0,0,0)
806 (0,0,0)
806.2 (0,0,0)
806.4 (0,0,0)
806.6 (0,0,0)
806.8 (0,0,0)
807 (0,0,0)
807.2 (0,0,0)
807.4 (0,0,0)
807.6 (0,0,0)
807.8 (0,0,0)
808 (0,0,0)
808.2 (0,0,0)
808.4 (0,0,0)
808.6 (0,0,0)
808.8 (0,0,0)
809 (0,0,0)
809.2 (0,0,0)
809.4 (0,0,0)
809.6 (0,0,0)
809.8 (0,0,0)
810 (0,0,0)
810.2 (0,0,0)
810.4 (0,0,0)
810.6 (0,0,0)
810.8 (0,0,0)
811 (0,0,0)
811.2 (0,0,0)
811.4 (0,0,0)
811.6 (0,0,0)
811.8 (0,0,0)
812 (0,0,0)
812.2 (0,0,0)
812.4 (0,0,0)
812.6 (0,0,0)
812.8 (0,0,0)
813 (0,0,0)
813.2 (0,0,0)
813.4 (0,0,0)
813.6 (0,0,0)
813.8 (0,0,0)
814 (0,0,0)
814.2 (0,0,0)
814.4 (0,0,0)
814.6 (0,0,0)
814.8 (0,0,0)
815 (0,0,0)
815.2 (0,0,0)
815.4 (0,0,0)
815.6 (0,0,0)
815.8 (0,0,0)
816 (0,0,0)
816.2 (0,0,0)
816.4 (0,0,0)
816.6 (0,0,0)
816.8 (0,0,0)
817 (0,0,0)
817.2 (0,0,0)
817.4 (0,0,0)
817.6 (0,0,0)
817.8 (0,0,0)
818 (0,0,0)
818.2 (0,0,0)
818.4 (0,0,0)
818.6 (0,0,0)
818.8 (0,0,0)
819 (0,0,0)
819.2 (0,0,0)
819.4 (0,0,0)
819.6 (0,0,0)
819.8 (0,0,0)
820 (0,0,0)
820.2 (0,0,0)
820.4 (0,0,0)
820.6 (0,0,0)
820.8 (0,0,0)
821 (0,0,0)
821.2 (0,0,0)
821.4 (0,0,0)
821.6 (0,0,0)
821.8 (0,0,0)
822 (0,0,0)
822.2 (0,0,0)
822.4 (0,0,0)
822.6 (0,0,0)
822.8 (0,0,0)
823 (0,0,0)
823.2 (0,0,0)
823.4 (0,0,0)
823.6 (0,0,0)
823.8 (0,0,0)
824 (0,0,0)
824.2 (0,0,0)
824.4 (0,0,0)
824.6 (0,0,0)
824.8 (0,0,0)
825 (0,0,0)
825.2 (0,0,0)
825.4 (0,0,0)
825.6 (0,0,0)
825.8 (0,0,0)
826 (0,0,0)
826.2 (0,0,0)
826.4 (0,0,0)
826.6 (0,0,0)
826.8 (0,0,0)
827 (0,0,0)
827.2 (0,0,0)
827.4 (0,0,0)
827.6 (0,0,0)
827.8 (0,0,0)
828 (0,0,0)
828.2 (0,0,0)
828.4 (0,0,0)
828.6 (0,0,0)
828.8 (0,0,0)
829 (0,0,0)
829.2 (0,0,0)
829.4 (0,0,0)
829.6 (0,0,0)
829.8 (0,0,0)
830 (0,0,0)
830.2 (0,0,0)
830.4 (0,0,0)
830.6 (0,0,0)
830.8 (0,0,0)
831 (0,0,0)
831.2 (0,0,0)
831.4 (0,0,0)
831.6 (0,0,0)
831.8 (0,0,0)
832 (0,0,0)
832.2 (0,0,0)
832.4 (0,0,0)
832.6 (0,0,0)
832.8 (0,0,0)
833 (0,0,0)
833.2 (0,0,0)
833.4 (0,0,0)
833.6 (0,0,0)
833.8 (0,0,0)
834 (0,0,0)
834.2 (0,0,0)
834.4 (0,0,0)
834.6 (0,0,0)
834.8 (0,0,0)
835 (0,0,0)
835.2 (0,0,0)
835.4 (0,0,0)
835.6 (0,0,0)
835.8 (0,0,0)
836 (0,0,0)
836.2 (0,0,0)
836.4 (0,0,0)
836.6 (0,0,0)
836.8 (0,0,0)
837 (0,0,0)
837.2 (0,0,0)
837.4 (0,0,0)
837.6 (0,0,0)
837.8 (0,0,0)
838 (0,0,0)
838.2 (0,0,0)
838.4 (0,0,0)
838.6 (0,0,0)
838.8 (0,0,0)
839 (0,0,0)
839.2 (0,0,0)
839.4 (0,0,0)
839.6 (0,0,0)
839.8 (0,0,0)
840 (0,0,0)
840.2 (0,0,0)
840.4 (0,0,0)
840.6 (0,0,0)
840.8 (0,0,0)
841 (0,0,0)
841.2 (0,0,0)
841.4 (0,0,0)
841.6 (0,0,0)
841.8 (0,0,0)
842 (0,0,0)
842.2 (0,0,0)
842.4 (0,0,0)
842.6 (0,0,0)
842.8 (0,0,0)
843 (0,0,0)
843.2 (0,0,0)
843.4 (0,0,0)
843.6 (0,0,0)
843.8 (0,0,0)
844 (0,0,0)
844.2 (0,0,0)
844.4 (0,0,0)
844.6 (0,0,0)
844.8 (0,0,0)
845 (0,0,0)
845.2 (0,0,0)
845.4 (0,0,0)
845.6 (0,0,0)
845.8 (0,0,0)
846 (0,0,0)
846.2 (0,0,0)
846.4 (0,0,0)
846.6 (0,0,0)
846.8 (0,0,0)
847 (0,0,0)
847.2 (0,0,0)
847.4 (0,0,0)
847.6 (0,0,0)
847.8 (0,0,0)
848 (0,0,0)
848.2 (0,0,0)
848.4 (0,0,0)
848.6 (0,0,0)
848.8 (0,0,0)
849 (0,0,0)
849.2 (0,0,0)
849.4 (0,0,0)
849.6 (0,0,0)
849.8 (0,0,0)
850 (0,0,0)
850.2 (0,0,0)
850.4 (0,0,0)
850.6 (0,0,0)
850.8 (0,0,0)
851 (0,0,0)
851.2 (0,0,0)
851.4 (0,0,0)
851.6 (0,0,0)
851.8 (0,0,0)
852 (0,0,0)
852.2 (0,0,0)
852.4 (0,0,0)
852.6 (0,0,0)
852.8 (0,0,0)
853 (0,0,0)
853.2 (0,0,0)
853.4 (0,0,0)
853.6 (0,0,0)
853.8 (0,0,0)
854 (0,0,0)
854.2 (0,0,0)
854.4 (0,0,0)
854.6 (0,0,0)
854.8 (0,0,0)
855 (0,0,0)
855.2 (0,0,0)
855.4 (0,0,0)
855.6 (0,0,0)
855.8 (0,0,0)
856 (0,0,0)
856.2 (0,0,0)
856.4 (0,0,0)
856.6 (0,0,0)
856.8 (0,0,0)
857 (0,0,0)
857.2 (0,0,0)
857.4 (0,0,0)
857.6 (0,0,0)
857.8 (0,0,0)
858 (0,0,0)
858.2 (0,0,0)
858.4 (0,0,0)
858.6 (0,0,0)
858.8 (0,0,0)
859 (0,0,0)
859.2 (0,0,0)
859.4 (0,0,0)
859.6 (0,0,0)
859.8 (0,0,0)
860 (0,0,0)
860.2 (0,0,0)
860.4 (0,0,0)
860.6 (0,0,0)
860.8 (0,0,0)
861 (0,0,0)
861.2 (0,0,0)
861.4 (0,0,0)
861.6 (0,0,0)
861.8 (0,0,0)
862 (0,0,0)
862.2 (0,0,0)
862.4 (0,0,0)
862.6 (0,0,0)
862.8 (0,0,0)
863 (0,0,0)
863.2 (0,0,0)
863.4 (0,0,0)
863.6 (0,0,0)
863.8 (0,0,0)
864 (0,0,0)
864.2 (0,0,0)
864.4 (0,0,0)
864.6 (0,0,0)
864.8 (0,0,0)
865 (0,0,0)
865.2 (0,0,0)
865.4 (0,0,0)
865.6 (0,0,0)
865.8 (0,0,0)
866 (0,0,0)
866.2 (0,0,0)
866.4 (0,0,0)
866.6 (0,0,0)
866.8 (0,0,0)
867 (0,0,0)
867.2 (0,0,0)
867.4 (0,0,0)
867.6 (0,0,0)
867.8 (0,0,0)
868 (0,0,0)
868.2 (0,0,0)
868.4 (0,0,0)
868.6 (0,0,0)
868.8 (0,0,0)
869 (0,0,0)
869.2 (0,0,0)
869.4 (0,0,0)
869.6 (0,0,0)
869.8 (0,0,0)
870 (0,0,0)
870.2 (0,0,0)
870.4 (0,0,0)
870.6 (0,0,0)
870.8 (0,0,0)
871 (0,0,0)
871.2 (0,0,0)
871.4 (0,0,0)
871.6 (0,0,0)
871.8 (0,0,0)
872 (0,0,0)
872.2 (0,0,0)
872.4 (0,0,0)
872.6 (0,0,0)
872.8 (0,0,0)
873 (0,0,0)
873.2 (0,0,0)
873.4 (0,0,0)
873.6 (0,0,0)
873.8 (0,0,0)
874 (0,0,0)
874.2 (0,0,0)
874.4 (0,0,0)
874.6 (0,0,0)
874.8 (0,0,0)
875 (0,0,0)
875.2 (0,0,0)
875.4 (0,0,0)
875.6 (0,0,0)
875.8 (0,0,0)
876 (0,0,0)
876.2 (0,0,0)
876.4 (0,0,0)
876.6 (0,0,0)
876.8 (0,0,0)
877 (0,0,0)
877.2 (0,0,0)
877.4 (0,0,0)
877.6 (0,0,0)
877.8 (0,0,0)
878 (0,0,0)
878.2 (0,0,0)
878.4 (0,0,0)
878.6 (0,0,0)
878.8 (0,0,0)
879 (0,0,0)
879.2 (0,0,0)
879.4 (0,0,0)
879.6 (0,0,0)
879.8 (0,0,0)
880 (0,0,0)
880.2 (0,0,0)
880.4 (0,0,0)
880.6 (0,0,0)
880.8 (0,0,0)
881 (0,0,0)
881.2 (0,0,0)
881.4 (0,0,0)
881.6 (0,0,0)
881.8 (0,0,0)
882 (0,0,0)
882.2 (0,0,0)
882.4 (0,0,0)
882.6 (0,0,0)
882.8 (0,0,0)
883 (0,0,0)
883.2 (0,0,0)
883.4 (0,0,0)
883.6 (0,0,0)
883.8 (0,0,0)
884 (0,0,0)
884.2 (0,0,0)
884.4 (0,0,0)
884.6 (0,0,0)
884.8 (0,0,0)
885 (0,0,0)
885.2 (0,0,0)
885.4 (0,0,0)
885.6 (0,0,0)
